-1.0e0 -1.0e0 1.0e0 1.0e0
-9.5e-1 -1.0e0 1.0e0 1.0e0
-9.0e-1 -1.0e0 1.0e0 1.0e0
-8.5e-1 -1.0e0 1.0e0 1.0e0
-8.0e-1 -1.0e0 1.0e0 1.0e0
-7.5e-1 -1.0e0 1.0e0 1.0e0
-7.0e-1 -1.0e0 1.0e0 1.0e0
-6.5e-1 -1.0e0 1.0e0 1.0e0
-6.0e-1 -1.0e0 1.0e0 1.0e0
-5.5e-1 -1.0e0 1.0e0 1.0e0
-5.0e-1 -1.0e0 1.0e0 1.0e0
-4.5e-1 -1.0e0 1.0e0 1.0e0
-4.0e-1 -1.0e0 1.0e0 1.0e0
-3.5e-1 -1.0e0 1.0e0 1.0e0
-3.0e-1 -1.0e0 1.0e0 1.0e0
-2.5e-1 -1.0e0 1.0e0 1.0e0
-2.0e-1 -1.0e0 1.0e0 1.0e0
-1.5e-1 -1.0e0 1.0e0 1.0e0
-1.0e-1 -1.0e0 1.0e0 1.0e0
-5.0e-2 -1.0e0 1.0e0 1.0e0
0.0e0 -1.0e0 1.0e0 1.0e0
5.0e-2 -1.0e0 1.0e0 1.0e0
1.0e-1 -1.0e0 1.0e0 1.0e0
1.5e-1 -1.0e0 1.0e0 1.0e0
2.0e-1 -1.0e0 1.0e0 1.0e0
2.5e-1 -1.0e0 1.0e0 1.0e0
3.0e-1 -1.0e0 1.0e0 1.0e0
3.5e-1 -1.0e0 1.0e0 1.0e0
4.0e-1 -1.0e0 1.0e0 1.0e0
4.5e-1 -1.0e0 1.0e0 1.0e0
5.0e-1 -1.0e0 1.0e0 1.0e0
5.5e-1 -1.0e0 1.0e0 1.0e0
6.0e-1 -1.0e0 1.0e0 1.0e0
6.5e-1 -1.0e0 1.0e0 1.0e0
7.0e-1 -1.0e0 1.0e0 1.0e0
7.5e-1 -1.0e0 1.0e0 1.0e0
8.0e-1 -1.0e0 1.0e0 1.0e0
8.5e-1 -1.0e0 1.0e0 1.0e0
9.0e-1 -1.0e0 1.0e0 1.0e0
9.5e-1 -1.0e0 1.0e0 1.0e0
1.0e0 -1.0e0 1.0e0 1.0e0

-1.0e0 -9.5e-1 9.025e-1 9.025e-1
-9.5e-1 -9.5e-1 9.025e-1 9.025e-1
-9.0e-1 -9.5e-1 9.025e-1 9.025e-1
-8.5e-1 -9.5e-1 9.025e-1 9.025e-1
-8.0e-1 -9.5e-1 9.025e-1 9.025e-1
-7.5e-1 -9.5e-1 9.025e-1 9.025e-1
-7.0e-1 -9.5e-1 9.025e-1 9.025e-1
-6.5e-1 -9.5e-1 9.025e-1 9.025e-1
-6.0e-1 -9.5e-1 9.025e-1 9.025e-1
-5.5e-1 -9.5e-1 9.025e-1 9.025e-1
-5.0e-1 -9.5e-1 9.025e-1 9.025e-1
-4.5e-1 -9.5e-1 9.025e-1 9.025e-1
-4.0e-1 -9.5e-1 9.025e-1 9.025e-1
-3.5e-1 -9.5e-1 9.025e-1 9.025e-1
-3.0e-1 -9.5e-1 9.025e-1 9.025e-1
-2.5e-1 -9.5e-1 9.025e-1 9.025e-1
-2.0e-1 -9.5e-1 9.025e-1 9.025e-1
-1.5e-1 -9.5e-1 9.025e-1 9.025e-1
-1.0e-1 -9.5e-1 9.025e-1 9.025e-1
-5.0e-2 -9.5e-1 9.025e-1 9.025e-1
0.0e0 -9.5e-1 9.025e-1 9.025e-1
5.0e-2 -9.5e-1 9.025e-1 9.025e-1
1.0e-1 -9.5e-1 9.025e-1 9.025e-1
1.5e-1 -9.5e-1 9.025e-1 9.025e-1
2.0e-1 -9.5e-1 9.025e-1 9.025e-1
2.5e-1 -9.5e-1 9.025e-1 9.025e-1
3.0e-1 -9.5e-1 9.025e-1 9.025e-1
3.5e-1 -9.5e-1 9.025e-1 9.025e-1
4.0e-1 -9.5e-1 9.025e-1 9.025e-1
4.5e-1 -9.5e-1 9.025e-1 9.025e-1
5.0e-1 -9.5e-1 9.025e-1 9.025e-1
5.5e-1 -9.5e-1 9.025e-1 9.025e-1
6.0e-1 -9.5e-1 9.025e-1 9.025e-1
6.5e-1 -9.5e-1 9.025e-1 9.025e-1
7.0e-1 -9.5e-1 9.025e-1 9.025e-1
7.5e-1 -9.5e-1 9.025e-1 9.025e-1
8.0e-1 -9.5e-1 9.025e-1 9.025e-1
8.5e-1 -9.5e-1 9.025e-1 9.025e-1
9.0e-1 -9.5e-1 9.025e-1 9.025e-1
9.5e-1 -9.5e-1 9.025e-1 9.025e-1
1.0e0 -9.5e-1 9.025e-1 9.025e-1

-1.0e0 -9.0e-1 8.1e-1 8.1e-1
-9.5e-1 -9.0e-1 8.1e-1 8.1e-1
-9.0e-1 -9.0e-1 8.1e-1 8.1e-1
-8.5e-1 -9.0e-1 8.1e-1 8.1e-1
-8.0e-1 -9.0e-1 8.1e-1 8.1e-1
-7.5e-1 -9.0e-1 8.1e-1 8.1e-1
-7.0e-1 -9.0e-1 8.1e-1 8.1e-1
-6.5e-1 -9.0e-1 8.1e-1 8.1e-1
-6.0e-1 -9.0e-1 8.1e-1 8.1e-1
-5.5e-1 -9.0e-1 8.1e-1 8.1e-1
-5.0e-1 -9.0e-1 8.1e-1 8.1e-1
-4.5e-1 -9.0e-1 8.1e-1 8.1e-1
-4.0e-1 -9.0e-1 8.1e-1 8.1e-1
-3.5e-1 -9.0e-1 8.1e-1 8.1e-1
-3.0e-1 -9.0e-1 8.1e-1 8.1e-1
-2.5e-1 -9.0e-1 8.1e-1 8.1e-1
-2.0e-1 -9.0e-1 8.1e-1 8.1e-1
-1.5e-1 -9.0e-1 8.1e-1 8.1e-1
-1.0e-1 -9.0e-1 8.1e-1 8.1e-1
-5.0e-2 -9.0e-1 8.1e-1 8.1e-1
0.0e0 -9.0e-1 8.1e-1 8.1e-1
5.0e-2 -9.0e-1 8.1e-1 8.1e-1
1.0e-1 -9.0e-1 8.1e-1 8.1e-1
1.5e-1 -9.0e-1 8.1e-1 8.1e-1
2.0e-1 -9.0e-1 8.1e-1 8.1e-1
2.5e-1 -9.0e-1 8.1e-1 8.1e-1
3.0e-1 -9.0e-1 8.1e-1 8.1e-1
3.5e-1 -9.0e-1 8.1e-1 8.1e-1
4.0e-1 -9.0e-1 8.1e-1 8.1e-1
4.5e-1 -9.0e-1 8.1e-1 8.1e-1
5.0e-1 -9.0e-1 8.1e-1 8.1e-1
5.5e-1 -9.0e-1 8.1e-1 8.1e-1
6.0e-1 -9.0e-1 8.1e-1 8.1e-1
6.5e-1 -9.0e-1 8.1e-1 8.1e-1
7.0e-1 -9.0e-1 8.1e-1 8.1e-1
7.5e-1 -9.0e-1 8.1e-1 8.1e-1
8.0e-1 -9.0e-1 8.1e-1 8.1e-1
8.5e-1 -9.0e-1 8.1e-1 8.1e-1
9.0e-1 -9.0e-1 8.1e-1 8.1e-1
9.5e-1 -9.0e-1 8.1e-1 8.1e-1
1.0e0 -9.0e-1 8.1e-1 8.1e-1

-1.0e0 -8.5e-1 7.225e-1 7.225e-1
-9.5e-1 -8.5e-1 7.225e-1 7.225e-1
-9.0e-1 -8.5e-1 7.225e-1 7.225e-1
-8.5e-1 -8.5e-1 7.225e-1 7.225e-1
-8.0e-1 -8.5e-1 7.225e-1 7.225e-1
-7.5e-1 -8.5e-1 7.225e-1 7.225e-1
-7.0e-1 -8.5e-1 7.225e-1 7.225e-1
-6.5e-1 -8.5e-1 7.225e-1 7.225e-1
-6.0e-1 -8.5e-1 7.225e-1 7.225e-1
-5.5e-1 -8.5e-1 7.225e-1 7.225e-1
-5.0e-1 -8.5e-1 7.225e-1 7.225e-1
-4.5e-1 -8.5e-1 7.225e-1 7.225e-1
-4.0e-1 -8.5e-1 7.225e-1 7.225e-1
-3.5e-1 -8.5e-1 7.225e-1 7.225e-1
-3.0e-1 -8.5e-1 7.225e-1 7.225e-1
-2.5e-1 -8.5e-1 7.225e-1 7.225e-1
-2.0e-1 -8.5e-1 7.225e-1 7.225e-1
-1.5e-1 -8.5e-1 7.225e-1 7.225e-1
-1.0e-1 -8.5e-1 7.225e-1 7.225e-1
-5.0e-2 -8.5e-1 7.225e-1 7.225e-1
0.0e0 -8.5e-1 7.225e-1 7.225e-1
5.0e-2 -8.5e-1 7.225e-1 7.225e-1
1.0e-1 -8.5e-1 7.225e-1 7.225e-1
1.5e-1 -8.5e-1 7.225e-1 7.225e-1
2.0e-1 -8.5e-1 7.225e-1 7.225e-1
2.5e-1 -8.5e-1 7.225e-1 7.225e-1
3.0e-1 -8.5e-1 7.225e-1 7.225e-1
3.5e-1 -8.5e-1 7.225e-1 7.225e-1
4.0e-1 -8.5e-1 7.225e-1 7.225e-1
4.5e-1 -8.5e-1 7.225e-1 7.225e-1
5.0e-1 -8.5e-1 7.225e-1 7.225e-1
5.5e-1 -8.5e-1 7.225e-1 7.225e-1
6.0e-1 -8.5e-1 7.225e-1 7.225e-1
6.5e-1 -8.5e-1 7.225e-1 7.225e-1
7.0e-1 -8.5e-1 7.225e-1 7.225e-1
7.5e-1 -8.5e-1 7.225e-1 7.225e-1
8.0e-1 -8.5e-1 7.225e-1 7.225e-1
8.5e-1 -8.5e-1 7.225e-1 7.225e-1
9.0e-1 -8.5e-1 7.225e-1 7.225e-1
9.5e-1 -8.5e-1 7.225e-1 7.225e-1
1.0e0 -8.5e-1 7.225e-1 7.225e-1

-1.0e0 -8.0e-1 6.4e-1 6.4e-1
-9.5e-1 -8.0e-1 6.4e-1 6.4e-1
-9.0e-1 -8.0e-1 6.4e-1 6.4e-1
-8.5e-1 -8.0e-1 6.4e-1 6.4e-1
-8.0e-1 -8.0e-1 6.4e-1 6.4e-1
-7.5e-1 -8.0e-1 6.4e-1 6.4e-1
-7.0e-1 -8.0e-1 6.4e-1 6.4e-1
-6.5e-1 -8.0e-1 6.4e-1 6.4e-1
-6.0e-1 -8.0e-1 6.4e-1 6.4e-1
-5.5e-1 -8.0e-1 6.4e-1 6.4e-1
-5.0e-1 -8.0e-1 6.4e-1 6.4e-1
-4.5e-1 -8.0e-1 6.4e-1 6.4e-1
-4.0e-1 -8.0e-1 6.4e-1 6.4e-1
-3.5e-1 -8.0e-1 6.4e-1 6.4e-1
-3.0e-1 -8.0e-1 6.4e-1 6.4e-1
-2.5e-1 -8.0e-1 6.4e-1 6.4e-1
-2.0e-1 -8.0e-1 6.4e-1 6.4e-1
-1.5e-1 -8.0e-1 6.4e-1 6.4e-1
-1.0e-1 -8.0e-1 6.4e-1 6.4e-1
-5.0e-2 -8.0e-1 6.4e-1 6.4e-1
0.0e0 -8.0e-1 6.4e-1 6.4e-1
5.0e-2 -8.0e-1 6.4e-1 6.4e-1
1.0e-1 -8.0e-1 6.4e-1 6.4e-1
1.5e-1 -8.0e-1 6.4e-1 6.4e-1
2.0e-1 -8.0e-1 6.4e-1 6.4e-1
2.5e-1 -8.0e-1 6.4e-1 6.4e-1
3.0e-1 -8.0e-1 6.4e-1 6.4e-1
3.5e-1 -8.0e-1 6.4e-1 6.4e-1
4.0e-1 -8.0e-1 6.4e-1 6.4e-1
4.5e-1 -8.0e-1 6.4e-1 6.4e-1
5.0e-1 -8.0e-1 6.4e-1 6.4e-1
5.5e-1 -8.0e-1 6.4e-1 6.4e-1
6.0e-1 -8.0e-1 6.4e-1 6.4e-1
6.5e-1 -8.0e-1 6.4e-1 6.4e-1
7.0e-1 -8.0e-1 6.4e-1 6.4e-1
7.5e-1 -8.0e-1 6.4e-1 6.4e-1
8.0e-1 -8.0e-1 6.4e-1 6.4e-1
8.5e-1 -8.0e-1 6.4e-1 6.4e-1
9.0e-1 -8.0e-1 6.4e-1 6.4e-1
9.5e-1 -8.0e-1 6.4e-1 6.4e-1
1.0e0 -8.0e-1 6.4e-1 6.4e-1

-1.0e0 -7.5e-1 5.625e-1 5.625e-1
-9.5e-1 -7.5e-1 5.625e-1 5.625e-1
-9.0e-1 -7.5e-1 5.625e-1 5.625e-1
-8.5e-1 -7.5e-1 5.625e-1 5.625e-1
-8.0e-1 -7.5e-1 5.625e-1 5.625e-1
-7.5e-1 -7.5e-1 5.625e-1 5.625e-1
-7.0e-1 -7.5e-1 5.625e-1 5.625e-1
-6.5e-1 -7.5e-1 5.625e-1 5.625e-1
-6.0e-1 -7.5e-1 5.625e-1 5.625e-1
-5.5e-1 -7.5e-1 5.625e-1 5.625e-1
-5.0e-1 -7.5e-1 5.625e-1 5.625e-1
-4.5e-1 -7.5e-1 5.625e-1 5.625e-1
-4.0e-1 -7.5e-1 5.625e-1 5.625e-1
-3.5e-1 -7.5e-1 5.625e-1 5.625e-1
-3.0e-1 -7.5e-1 5.625e-1 5.625e-1
-2.5e-1 -7.5e-1 5.625e-1 5.625e-1
-2.0e-1 -7.5e-1 5.625e-1 5.625e-1
-1.5e-1 -7.5e-1 5.625e-1 5.625e-1
-1.0e-1 -7.5e-1 5.625e-1 5.625e-1
-5.0e-2 -7.5e-1 5.625e-1 5.625e-1
0.0e0 -7.5e-1 5.625e-1 5.625e-1
5.0e-2 -7.5e-1 5.625e-1 5.625e-1
1.0e-1 -7.5e-1 5.625e-1 5.625e-1
1.5e-1 -7.5e-1 5.625e-1 5.625e-1
2.0e-1 -7.5e-1 5.625e-1 5.625e-1
2.5e-1 -7.5e-1 5.625e-1 5.625e-1
3.0e-1 -7.5e-1 5.625e-1 5.625e-1
3.5e-1 -7.5e-1 5.625e-1 5.625e-1
4.0e-1 -7.5e-1 5.625e-1 5.625e-1
4.5e-1 -7.5e-1 5.625e-1 5.625e-1
5.0e-1 -7.5e-1 5.625e-1 5.625e-1
5.5e-1 -7.5e-1 5.625e-1 5.625e-1
6.0e-1 -7.5e-1 5.625e-1 5.625e-1
6.5e-1 -7.5e-1 5.625e-1 5.625e-1
7.0e-1 -7.5e-1 5.625e-1 5.625e-1
7.5e-1 -7.5e-1 5.625e-1 5.625e-1
8.0e-1 -7.5e-1 5.625e-1 5.625e-1
8.5e-1 -7.5e-1 5.625e-1 5.625e-1
9.0e-1 -7.5e-1 5.625e-1 5.625e-1
9.5e-1 -7.5e-1 5.625e-1 5.625e-1
1.0e0 -7.5e-1 5.625e-1 5.625e-1

-1.0e0 -7.0e-1 4.9e-1 4.9e-1
-9.5e-1 -7.0e-1 4.9e-1 4.9e-1
-9.0e-1 -7.0e-1 4.9e-1 4.9e-1
-8.5e-1 -7.0e-1 4.9e-1 4.9e-1
-8.0e-1 -7.0e-1 4.9e-1 4.9e-1
-7.5e-1 -7.0e-1 4.9e-1 4.9e-1
-7.0e-1 -7.0e-1 4.9e-1 4.9e-1
-6.5e-1 -7.0e-1 4.9e-1 4.9e-1
-6.0e-1 -7.0e-1 4.9e-1 4.9e-1
-5.5e-1 -7.0e-1 4.9e-1 4.9e-1
-5.0e-1 -7.0e-1 4.9e-1 4.9e-1
-4.5e-1 -7.0e-1 4.9e-1 4.9e-1
-4.0e-1 -7.0e-1 4.9e-1 4.9e-1
-3.5e-1 -7.0e-1 4.9e-1 4.9e-1
-3.0e-1 -7.0e-1 4.9e-1 4.9e-1
-2.5e-1 -7.0e-1 4.9e-1 4.9e-1
-2.0e-1 -7.0e-1 4.9e-1 4.9e-1
-1.5e-1 -7.0e-1 4.9e-1 4.9e-1
-1.0e-1 -7.0e-1 4.9e-1 4.9e-1
-5.0e-2 -7.0e-1 4.9e-1 4.9e-1
0.0e0 -7.0e-1 4.9e-1 4.9e-1
5.0e-2 -7.0e-1 4.9e-1 4.9e-1
1.0e-1 -7.0e-1 4.9e-1 4.9e-1
1.5e-1 -7.0e-1 4.9e-1 4.9e-1
2.0e-1 -7.0e-1 4.9e-1 4.9e-1
2.5e-1 -7.0e-1 4.9e-1 4.9e-1
3.0e-1 -7.0e-1 4.9e-1 4.9e-1
3.5e-1 -7.0e-1 4.9e-1 4.9e-1
4.0e-1 -7.0e-1 4.9e-1 4.9e-1
4.5e-1 -7.0e-1 4.9e-1 4.9e-1
5.0e-1 -7.0e-1 4.9e-1 4.9e-1
5.5e-1 -7.0e-1 4.9e-1 4.9e-1
6.0e-1 -7.0e-1 4.9e-1 4.9e-1
6.5e-1 -7.0e-1 4.9e-1 4.9e-1
7.0e-1 -7.0e-1 4.9e-1 4.9e-1
7.5e-1 -7.0e-1 4.9e-1 4.9e-1
8.0e-1 -7.0e-1 4.9e-1 4.9e-1
8.5e-1 -7.0e-1 4.9e-1 4.9e-1
9.0e-1 -7.0e-1 4.9e-1 4.9e-1
9.5e-1 -7.0e-1 4.9e-1 4.9e-1
1.0e0 -7.0e-1 4.9e-1 4.9e-1

-1.0e0 -6.5e-1 4.225e-1 4.225e-1
-9.5e-1 -6.5e-1 4.225e-1 4.225e-1
-9.0e-1 -6.5e-1 4.225e-1 4.225e-1
-8.5e-1 -6.5e-1 4.225e-1 4.225e-1
-8.0e-1 -6.5e-1 4.225e-1 4.225e-1
-7.5e-1 -6.5e-1 4.225e-1 4.225e-1
-7.0e-1 -6.5e-1 4.225e-1 4.225e-1
-6.5e-1 -6.5e-1 4.225e-1 4.225e-1
-6.0e-1 -6.5e-1 4.225e-1 4.225e-1
-5.5e-1 -6.5e-1 4.225e-1 4.225e-1
-5.0e-1 -6.5e-1 4.225e-1 4.225e-1
-4.5e-1 -6.5e-1 4.225e-1 4.225e-1
-4.0e-1 -6.5e-1 4.225e-1 4.225e-1
-3.5e-1 -6.5e-1 4.225e-1 4.225e-1
-3.0e-1 -6.5e-1 4.225e-1 4.225e-1
-2.5e-1 -6.5e-1 4.225e-1 4.225e-1
-2.0e-1 -6.5e-1 4.225e-1 4.225e-1
-1.5e-1 -6.5e-1 4.225e-1 4.225e-1
-1.0e-1 -6.5e-1 4.225e-1 4.225e-1
-5.0e-2 -6.5e-1 4.225e-1 4.225e-1
0.0e0 -6.5e-1 4.225e-1 4.225e-1
5.0e-2 -6.5e-1 4.225e-1 4.225e-1
1.0e-1 -6.5e-1 4.225e-1 4.225e-1
1.5e-1 -6.5e-1 4.225e-1 4.225e-1
2.0e-1 -6.5e-1 4.225e-1 4.225e-1
2.5e-1 -6.5e-1 4.225e-1 4.225e-1
3.0e-1 -6.5e-1 4.225e-1 4.225e-1
3.5e-1 -6.5e-1 4.225e-1 4.225e-1
4.0e-1 -6.5e-1 4.225e-1 4.225e-1
4.5e-1 -6.5e-1 4.225e-1 4.225e-1
5.0e-1 -6.5e-1 4.225e-1 4.225e-1
5.5e-1 -6.5e-1 4.225e-1 4.225e-1
6.0e-1 -6.5e-1 4.225e-1 4.225e-1
6.5e-1 -6.5e-1 4.225e-1 4.225e-1
7.0e-1 -6.5e-1 4.225e-1 4.225e-1
7.5e-1 -6.5e-1 4.225e-1 4.225e-1
8.0e-1 -6.5e-1 4.225e-1 4.225e-1
8.5e-1 -6.5e-1 4.225e-1 4.225e-1
9.0e-1 -6.5e-1 4.225e-1 4.225e-1
9.5e-1 -6.5e-1 4.225e-1 4.225e-1
1.0e0 -6.5e-1 4.225e-1 4.225e-1

-1.0e0 -6.0e-1 3.6e-1 3.6e-1
-9.5e-1 -6.0e-1 3.6e-1 3.6e-1
-9.0e-1 -6.0e-1 3.6e-1 3.6e-1
-8.5e-1 -6.0e-1 3.6e-1 3.6e-1
-8.0e-1 -6.0e-1 3.6e-1 3.6e-1
-7.5e-1 -6.0e-1 3.6e-1 3.6e-1
-7.0e-1 -6.0e-1 3.6e-1 3.6e-1
-6.5e-1 -6.0e-1 3.6e-1 3.6e-1
-6.0e-1 -6.0e-1 3.6e-1 3.6e-1
-5.5e-1 -6.0e-1 3.6e-1 3.6e-1
-5.0e-1 -6.0e-1 3.6e-1 3.6e-1
-4.5e-1 -6.0e-1 3.6e-1 3.6e-1
-4.0e-1 -6.0e-1 3.6e-1 3.6e-1
-3.5e-1 -6.0e-1 3.6e-1 3.6e-1
-3.0e-1 -6.0e-1 3.6e-1 3.6e-1
-2.5e-1 -6.0e-1 3.6e-1 3.6e-1
-2.0e-1 -6.0e-1 3.6e-1 3.6e-1
-1.5e-1 -6.0e-1 3.6e-1 3.6e-1
-1.0e-1 -6.0e-1 3.6e-1 3.6e-1
-5.0e-2 -6.0e-1 3.6e-1 3.6e-1
0.0e0 -6.0e-1 3.6e-1 3.6e-1
5.0e-2 -6.0e-1 3.6e-1 3.6e-1
1.0e-1 -6.0e-1 3.6e-1 3.6e-1
1.5e-1 -6.0e-1 3.6e-1 3.6e-1
2.0e-1 -6.0e-1 3.6e-1 3.6e-1
2.5e-1 -6.0e-1 3.6e-1 3.6e-1
3.0e-1 -6.0e-1 3.6e-1 3.6e-1
3.5e-1 -6.0e-1 3.6e-1 3.6e-1
4.0e-1 -6.0e-1 3.6e-1 3.6e-1
4.5e-1 -6.0e-1 3.6e-1 3.6e-1
5.0e-1 -6.0e-1 3.6e-1 3.6e-1
5.5e-1 -6.0e-1 3.6e-1 3.6e-1
6.0e-1 -6.0e-1 3.6e-1 3.6e-1
6.5e-1 -6.0e-1 3.6e-1 3.6e-1
7.0e-1 -6.0e-1 3.6e-1 3.6e-1
7.5e-1 -6.0e-1 3.6e-1 3.6e-1
8.0e-1 -6.0e-1 3.6e-1 3.6e-1
8.5e-1 -6.0e-1 3.6e-1 3.6e-1
9.0e-1 -6.0e-1 3.6e-1 3.6e-1
9.5e-1 -6.0e-1 3.6e-1 3.6e-1
1.0e0 -6.0e-1 3.6e-1 3.6e-1

-1.0e0 -5.5e-1 3.025e-1 3.025e-1
-9.5e-1 -5.5e-1 3.025e-1 3.025e-1
-9.0e-1 -5.5e-1 3.025e-1 3.025e-1
-8.5e-1 -5.5e-1 3.025e-1 3.025e-1
-8.0e-1 -5.5e-1 3.025e-1 3.025e-1
-7.5e-1 -5.5e-1 3.025e-1 3.025e-1
-7.0e-1 -5.5e-1 3.025e-1 3.025e-1
-6.5e-1 -5.5e-1 3.025e-1 3.025e-1
-6.0e-1 -5.5e-1 3.025e-1 3.025e-1
-5.5e-1 -5.5e-1 3.025e-1 3.025e-1
-5.0e-1 -5.5e-1 3.025e-1 3.025e-1
-4.5e-1 -5.5e-1 3.025e-1 3.025e-1
-4.0e-1 -5.5e-1 3.025e-1 3.025e-1
-3.5e-1 -5.5e-1 3.025e-1 3.025e-1
-3.0e-1 -5.5e-1 3.025e-1 3.025e-1
-2.5e-1 -5.5e-1 3.025e-1 3.025e-1
-2.0e-1 -5.5e-1 3.025e-1 3.025e-1
-1.5e-1 -5.5e-1 3.025e-1 3.025e-1
-1.0e-1 -5.5e-1 3.025e-1 3.025e-1
-5.0e-2 -5.5e-1 3.025e-1 3.025e-1
0.0e0 -5.5e-1 3.025e-1 3.025e-1
5.0e-2 -5.5e-1 3.025e-1 3.025e-1
1.0e-1 -5.5e-1 3.025e-1 3.025e-1
1.5e-1 -5.5e-1 3.025e-1 3.025e-1
2.0e-1 -5.5e-1 3.025e-1 3.025e-1
2.5e-1 -5.5e-1 3.025e-1 3.025e-1
3.0e-1 -5.5e-1 3.025e-1 3.025e-1
3.5e-1 -5.5e-1 3.025e-1 3.025e-1
4.0e-1 -5.5e-1 3.025e-1 3.025e-1
4.5e-1 -5.5e-1 3.025e-1 3.025e-1
5.0e-1 -5.5e-1 3.025e-1 3.025e-1
5.5e-1 -5.5e-1 3.025e-1 3.025e-1
6.0e-1 -5.5e-1 3.025e-1 3.025e-1
6.5e-1 -5.5e-1 3.025e-1 3.025e-1
7.0e-1 -5.5e-1 3.025e-1 3.025e-1
7.5e-1 -5.5e-1 3.025e-1 3.025e-1
8.0e-1 -5.5e-1 3.025e-1 3.025e-1
8.5e-1 -5.5e-1 3.025e-1 3.025e-1
9.0e-1 -5.5e-1 3.025e-1 3.025e-1
9.5e-1 -5.5e-1 3.025e-1 3.025e-1
1.0e0 -5.5e-1 3.025e-1 3.025e-1

-1.0e0 -5.0e-1 2.5e-1 2.5e-1
-9.5e-1 -5.0e-1 2.5e-1 2.5e-1
-9.0e-1 -5.0e-1 2.5e-1 2.5e-1
-8.5e-1 -5.0e-1 2.5e-1 2.5e-1
-8.0e-1 -5.0e-1 2.5e-1 2.5e-1
-7.5e-1 -5.0e-1 2.5e-1 2.5e-1
-7.0e-1 -5.0e-1 2.5e-1 2.5e-1
-6.5e-1 -5.0e-1 2.5e-1 2.5e-1
-6.0e-1 -5.0e-1 2.5e-1 2.5e-1
-5.5e-1 -5.0e-1 2.5e-1 2.5e-1
-5.0e-1 -5.0e-1 2.5e-1 2.5e-1
-4.5e-1 -5.0e-1 2.5e-1 2.5e-1
-4.0e-1 -5.0e-1 2.5e-1 2.5e-1
-3.5e-1 -5.0e-1 2.5e-1 2.5e-1
-3.0e-1 -5.0e-1 2.5e-1 2.5e-1
-2.5e-1 -5.0e-1 2.5e-1 2.5e-1
-2.0e-1 -5.0e-1 2.5e-1 2.5e-1
-1.5e-1 -5.0e-1 2.5e-1 2.5e-1
-1.0e-1 -5.0e-1 2.5e-1 2.5e-1
-5.0e-2 -5.0e-1 2.5e-1 2.5e-1
0.0e0 -5.0e-1 2.5e-1 2.5e-1
5.0e-2 -5.0e-1 2.5e-1 2.5e-1
1.0e-1 -5.0e-1 2.5e-1 2.5e-1
1.5e-1 -5.0e-1 2.5e-1 2.5e-1
2.0e-1 -5.0e-1 2.5e-1 2.5e-1
2.5e-1 -5.0e-1 2.5e-1 2.5e-1
3.0e-1 -5.0e-1 2.5e-1 2.5e-1
3.5e-1 -5.0e-1 2.5e-1 2.5e-1
4.0e-1 -5.0e-1 2.5e-1 2.5e-1
4.5e-1 -5.0e-1 2.5e-1 2.5e-1
5.0e-1 -5.0e-1 2.5e-1 2.5e-1
5.5e-1 -5.0e-1 2.5e-1 2.5e-1
6.0e-1 -5.0e-1 2.5e-1 2.5e-1
6.5e-1 -5.0e-1 2.5e-1 2.5e-1
7.0e-1 -5.0e-1 2.5e-1 2.5e-1
7.5e-1 -5.0e-1 2.5e-1 2.5e-1
8.0e-1 -5.0e-1 2.5e-1 2.5e-1
8.5e-1 -5.0e-1 2.5e-1 2.5e-1
9.0e-1 -5.0e-1 2.5e-1 2.5e-1
9.5e-1 -5.0e-1 2.5e-1 2.5e-1
1.0e0 -5.0e-1 2.5e-1 2.5e-1

-1.0e0 -4.5e-1 2.025e-1 2.025e-1
-9.5e-1 -4.5e-1 2.025e-1 2.025e-1
-9.0e-1 -4.5e-1 2.025e-1 2.025e-1
-8.5e-1 -4.5e-1 2.025e-1 2.025e-1
-8.0e-1 -4.5e-1 2.025e-1 2.025e-1
-7.5e-1 -4.5e-1 2.025e-1 2.025e-1
-7.0e-1 -4.5e-1 2.025e-1 2.025e-1
-6.5e-1 -4.5e-1 2.025e-1 2.025e-1
-6.0e-1 -4.5e-1 2.025e-1 2.025e-1
-5.5e-1 -4.5e-1 2.025e-1 2.025e-1
-5.0e-1 -4.5e-1 2.025e-1 2.025e-1
-4.5e-1 -4.5e-1 2.025e-1 2.025e-1
-4.0e-1 -4.5e-1 2.025e-1 2.025e-1
-3.5e-1 -4.5e-1 2.025e-1 2.025e-1
-3.0e-1 -4.5e-1 2.025e-1 2.025e-1
-2.5e-1 -4.5e-1 2.025e-1 2.025e-1
-2.0e-1 -4.5e-1 2.025e-1 2.025e-1
-1.5e-1 -4.5e-1 2.025e-1 2.025e-1
-1.0e-1 -4.5e-1 2.025e-1 2.025e-1
-5.0e-2 -4.5e-1 2.025e-1 2.025e-1
0.0e0 -4.5e-1 2.025e-1 2.025e-1
5.0e-2 -4.5e-1 2.025e-1 2.025e-1
1.0e-1 -4.5e-1 2.025e-1 2.025e-1
1.5e-1 -4.5e-1 2.025e-1 2.025e-1
2.0e-1 -4.5e-1 2.025e-1 2.025e-1
2.5e-1 -4.5e-1 2.025e-1 2.025e-1
3.0e-1 -4.5e-1 2.025e-1 2.025e-1
3.5e-1 -4.5e-1 2.025e-1 2.025e-1
4.0e-1 -4.5e-1 2.025e-1 2.025e-1
4.5e-1 -4.5e-1 2.025e-1 2.025e-1
5.0e-1 -4.5e-1 2.025e-1 2.025e-1
5.5e-1 -4.5e-1 2.025e-1 2.025e-1
6.0e-1 -4.5e-1 2.025e-1 2.025e-1
6.5e-1 -4.5e-1 2.025e-1 2.025e-1
7.0e-1 -4.5e-1 2.025e-1 2.025e-1
7.5e-1 -4.5e-1 2.025e-1 2.025e-1
8.0e-1 -4.5e-1 2.025e-1 2.025e-1
8.5e-1 -4.5e-1 2.025e-1 2.025e-1
9.0e-1 -4.5e-1 2.025e-1 2.025e-1
9.5e-1 -4.5e-1 2.025e-1 2.025e-1
1.0e0 -4.5e-1 2.025e-1 2.025e-1

-1.0e0 -4.0e-1 1.6e-1 1.6e-1
-9.5e-1 -4.0e-1 1.6e-1 1.6e-1
-9.0e-1 -4.0e-1 1.6e-1 1.6e-1
-8.5e-1 -4.0e-1 1.6e-1 1.6e-1
-8.0e-1 -4.0e-1 1.6e-1 1.6e-1
-7.5e-1 -4.0e-1 1.6e-1 1.6e-1
-7.0e-1 -4.0e-1 1.6e-1 1.6e-1
-6.5e-1 -4.0e-1 1.6e-1 1.6e-1
-6.0e-1 -4.0e-1 1.6e-1 1.6e-1
-5.5e-1 -4.0e-1 1.6e-1 1.6e-1
-5.0e-1 -4.0e-1 1.6e-1 1.6e-1
-4.5e-1 -4.0e-1 1.6e-1 1.6e-1
-4.0e-1 -4.0e-1 1.6e-1 1.6e-1
-3.5e-1 -4.0e-1 1.6e-1 1.6e-1
-3.0e-1 -4.0e-1 1.6e-1 1.6e-1
-2.5e-1 -4.0e-1 1.6e-1 1.6e-1
-2.0e-1 -4.0e-1 1.6e-1 1.6e-1
-1.5e-1 -4.0e-1 1.6e-1 1.6e-1
-1.0e-1 -4.0e-1 1.6e-1 1.6e-1
-5.0e-2 -4.0e-1 1.6e-1 1.6e-1
0.0e0 -4.0e-1 1.6e-1 1.6e-1
5.0e-2 -4.0e-1 1.6e-1 1.6e-1
1.0e-1 -4.0e-1 1.6e-1 1.6e-1
1.5e-1 -4.0e-1 1.6e-1 1.6e-1
2.0e-1 -4.0e-1 1.6e-1 1.6e-1
2.5e-1 -4.0e-1 1.6e-1 1.6e-1
3.0e-1 -4.0e-1 1.6e-1 1.6e-1
3.5e-1 -4.0e-1 1.6e-1 1.6e-1
4.0e-1 -4.0e-1 1.6e-1 1.6e-1
4.5e-1 -4.0e-1 1.6e-1 1.6e-1
5.0e-1 -4.0e-1 1.6e-1 1.6e-1
5.5e-1 -4.0e-1 1.6e-1 1.6e-1
6.0e-1 -4.0e-1 1.6e-1 1.6e-1
6.5e-1 -4.0e-1 1.6e-1 1.6e-1
7.0e-1 -4.0e-1 1.6e-1 1.6e-1
7.5e-1 -4.0e-1 1.6e-1 1.6e-1
8.0e-1 -4.0e-1 1.6e-1 1.6e-1
8.5e-1 -4.0e-1 1.6e-1 1.6e-1
9.0e-1 -4.0e-1 1.6e-1 1.6e-1
9.5e-1 -4.0e-1 1.6e-1 1.6e-1
1.0e0 -4.0e-1 1.6e-1 1.6e-1

-1.0e0 -3.5e-1 1.225e-1 1.225e-1
-9.5e-1 -3.5e-1 1.225e-1 1.225e-1
-9.0e-1 -3.5e-1 1.225e-1 1.225e-1
-8.5e-1 -3.5e-1 1.225e-1 1.225e-1
-8.0e-1 -3.5e-1 1.225e-1 1.225e-1
-7.5e-1 -3.5e-1 1.225e-1 1.225e-1
-7.0e-1 -3.5e-1 1.225e-1 1.225e-1
-6.5e-1 -3.5e-1 1.225e-1 1.225e-1
-6.0e-1 -3.5e-1 1.225e-1 1.225e-1
-5.5e-1 -3.5e-1 1.225e-1 1.225e-1
-5.0e-1 -3.5e-1 1.225e-1 1.225e-1
-4.5e-1 -3.5e-1 1.225e-1 1.225e-1
-4.0e-1 -3.5e-1 1.225e-1 1.225e-1
-3.5e-1 -3.5e-1 1.225e-1 1.225e-1
-3.0e-1 -3.5e-1 1.225e-1 1.225e-1
-2.5e-1 -3.5e-1 1.225e-1 1.225e-1
-2.0e-1 -3.5e-1 1.225e-1 1.225e-1
-1.5e-1 -3.5e-1 1.225e-1 1.225e-1
-1.0e-1 -3.5e-1 1.225e-1 1.225e-1
-5.0e-2 -3.5e-1 1.225e-1 1.225e-1
0.0e0 -3.5e-1 1.225e-1 1.225e-1
5.0e-2 -3.5e-1 1.225e-1 1.225e-1
1.0e-1 -3.5e-1 1.225e-1 1.225e-1
1.5e-1 -3.5e-1 1.225e-1 1.225e-1
2.0e-1 -3.5e-1 1.225e-1 1.225e-1
2.5e-1 -3.5e-1 1.225e-1 1.225e-1
3.0e-1 -3.5e-1 1.225e-1 1.225e-1
3.5e-1 -3.5e-1 1.225e-1 1.225e-1
4.0e-1 -3.5e-1 1.225e-1 1.225e-1
4.5e-1 -3.5e-1 1.225e-1 1.225e-1
5.0e-1 -3.5e-1 1.225e-1 1.225e-1
5.5e-1 -3.5e-1 1.225e-1 1.225e-1
6.0e-1 -3.5e-1 1.225e-1 1.225e-1
6.5e-1 -3.5e-1 1.225e-1 1.225e-1
7.0e-1 -3.5e-1 1.225e-1 1.225e-1
7.5e-1 -3.5e-1 1.225e-1 1.225e-1
8.0e-1 -3.5e-1 1.225e-1 1.225e-1
8.5e-1 -3.5e-1 1.225e-1 1.225e-1
9.0e-1 -3.5e-1 1.225e-1 1.225e-1
9.5e-1 -3.5e-1 1.225e-1 1.225e-1
1.0e0 -3.5e-1 1.225e-1 1.225e-1

-1.0e0 -3.0e-1 9.0e-2 9.0e-2
-9.5e-1 -3.0e-1 9.0e-2 9.0e-2
-9.0e-1 -3.0e-1 9.0e-2 9.0e-2
-8.5e-1 -3.0e-1 9.0e-2 9.0e-2
-8.0e-1 -3.0e-1 9.0e-2 9.0e-2
-7.5e-1 -3.0e-1 9.0e-2 9.0e-2
-7.0e-1 -3.0e-1 9.0e-2 9.0e-2
-6.5e-1 -3.0e-1 9.0e-2 9.0e-2
-6.0e-1 -3.0e-1 9.0e-2 9.0e-2
-5.5e-1 -3.0e-1 9.0e-2 9.0e-2
-5.0e-1 -3.0e-1 9.0e-2 9.0e-2
-4.5e-1 -3.0e-1 9.0e-2 9.0e-2
-4.0e-1 -3.0e-1 9.0e-2 9.0e-2
-3.5e-1 -3.0e-1 9.0e-2 9.0e-2
-3.0e-1 -3.0e-1 9.0e-2 9.0e-2
-2.5e-1 -3.0e-1 9.0e-2 9.0e-2
-2.0e-1 -3.0e-1 9.0e-2 9.0e-2
-1.5e-1 -3.0e-1 9.0e-2 9.0e-2
-1.0e-1 -3.0e-1 9.0e-2 9.0e-2
-5.0e-2 -3.0e-1 9.0e-2 9.0e-2
0.0e0 -3.0e-1 9.0e-2 9.0e-2
5.0e-2 -3.0e-1 9.0e-2 9.0e-2
1.0e-1 -3.0e-1 9.0e-2 9.0e-2
1.5e-1 -3.0e-1 9.0e-2 9.0e-2
2.0e-1 -3.0e-1 9.0e-2 9.0e-2
2.5e-1 -3.0e-1 9.0e-2 9.0e-2
3.0e-1 -3.0e-1 9.0e-2 9.0e-2
3.5e-1 -3.0e-1 9.0e-2 9.0e-2
4.0e-1 -3.0e-1 9.0e-2 9.0e-2
4.5e-1 -3.0e-1 9.0e-2 9.0e-2
5.0e-1 -3.0e-1 9.0e-2 9.0e-2
5.5e-1 -3.0e-1 9.0e-2 9.0e-2
6.0e-1 -3.0e-1 9.0e-2 9.0e-2
6.5e-1 -3.0e-1 9.0e-2 9.0e-2
7.0e-1 -3.0e-1 9.0e-2 9.0e-2
7.5e-1 -3.0e-1 9.0e-2 9.0e-2
8.0e-1 -3.0e-1 9.0e-2 9.0e-2
8.5e-1 -3.0e-1 9.0e-2 9.0e-2
9.0e-1 -3.0e-1 9.0e-2 9.0e-2
9.5e-1 -3.0e-1 9.0e-2 9.0e-2
1.0e0 -3.0e-1 9.0e-2 9.0e-2

-1.0e0 -2.5e-1 6.25e-2 6.25e-2
-9.5e-1 -2.5e-1 6.25e-2 6.25e-2
-9.0e-1 -2.5e-1 6.25e-2 6.25e-2
-8.5e-1 -2.5e-1 6.25e-2 6.25e-2
-8.0e-1 -2.5e-1 6.25e-2 6.25e-2
-7.5e-1 -2.5e-1 6.25e-2 6.25e-2
-7.0e-1 -2.5e-1 6.25e-2 6.25e-2
-6.5e-1 -2.5e-1 6.25e-2 6.25e-2
-6.0e-1 -2.5e-1 6.25e-2 6.25e-2
-5.5e-1 -2.5e-1 6.25e-2 6.25e-2
-5.0e-1 -2.5e-1 6.25e-2 6.25e-2
-4.5e-1 -2.5e-1 6.25e-2 6.25e-2
-4.0e-1 -2.5e-1 6.25e-2 6.25e-2
-3.5e-1 -2.5e-1 6.25e-2 6.25e-2
-3.0e-1 -2.5e-1 6.25e-2 6.25e-2
-2.5e-1 -2.5e-1 6.25e-2 6.25e-2
-2.0e-1 -2.5e-1 6.25e-2 6.25e-2
-1.5e-1 -2.5e-1 6.25e-2 6.25e-2
-1.0e-1 -2.5e-1 6.25e-2 6.25e-2
-5.0e-2 -2.5e-1 6.25e-2 6.25e-2
0.0e0 -2.5e-1 6.25e-2 6.25e-2
5.0e-2 -2.5e-1 6.25e-2 6.25e-2
1.0e-1 -2.5e-1 6.25e-2 6.25e-2
1.5e-1 -2.5e-1 6.25e-2 6.25e-2
2.0e-1 -2.5e-1 6.25e-2 6.25e-2
2.5e-1 -2.5e-1 6.25e-2 6.25e-2
3.0e-1 -2.5e-1 6.25e-2 6.25e-2
3.5e-1 -2.5e-1 6.25e-2 6.25e-2
4.0e-1 -2.5e-1 6.25e-2 6.25e-2
4.5e-1 -2.5e-1 6.25e-2 6.25e-2
5.0e-1 -2.5e-1 6.25e-2 6.25e-2
5.5e-1 -2.5e-1 6.25e-2 6.25e-2
6.0e-1 -2.5e-1 6.25e-2 6.25e-2
6.5e-1 -2.5e-1 6.25e-2 6.25e-2
7.0e-1 -2.5e-1 6.25e-2 6.25e-2
7.5e-1 -2.5e-1 6.25e-2 6.25e-2
8.0e-1 -2.5e-1 6.25e-2 6.25e-2
8.5e-1 -2.5e-1 6.25e-2 6.25e-2
9.0e-1 -2.5e-1 6.25e-2 6.25e-2
9.5e-1 -2.5e-1 6.25e-2 6.25e-2
1.0e0 -2.5e-1 6.25e-2 6.25e-2

-1.0e0 -2.0e-1 4.0e-2 4.0e-2
-9.5e-1 -2.0e-1 4.0e-2 4.0e-2
-9.0e-1 -2.0e-1 4.0e-2 4.0e-2
-8.5e-1 -2.0e-1 4.0e-2 4.0e-2
-8.0e-1 -2.0e-1 4.0e-2 4.0e-2
-7.5e-1 -2.0e-1 4.0e-2 4.0e-2
-7.0e-1 -2.0e-1 4.0e-2 4.0e-2
-6.5e-1 -2.0e-1 4.0e-2 4.0e-2
-6.0e-1 -2.0e-1 4.0e-2 4.0e-2
-5.5e-1 -2.0e-1 4.0e-2 4.0e-2
-5.0e-1 -2.0e-1 4.0e-2 4.0e-2
-4.5e-1 -2.0e-1 4.0e-2 4.0e-2
-4.0e-1 -2.0e-1 4.0e-2 4.0e-2
-3.5e-1 -2.0e-1 4.0e-2 4.0e-2
-3.0e-1 -2.0e-1 4.0e-2 4.0e-2
-2.5e-1 -2.0e-1 4.0e-2 4.0e-2
-2.0e-1 -2.0e-1 4.0e-2 4.0e-2
-1.5e-1 -2.0e-1 4.0e-2 4.0e-2
-1.0e-1 -2.0e-1 4.0e-2 4.0e-2
-5.0e-2 -2.0e-1 4.0e-2 4.0e-2
0.0e0 -2.0e-1 4.0e-2 4.0e-2
5.0e-2 -2.0e-1 4.0e-2 4.0e-2
1.0e-1 -2.0e-1 4.0e-2 4.0e-2
1.5e-1 -2.0e-1 4.0e-2 4.0e-2
2.0e-1 -2.0e-1 4.0e-2 4.0e-2
2.5e-1 -2.0e-1 4.0e-2 4.0e-2
3.0e-1 -2.0e-1 4.0e-2 4.0e-2
3.5e-1 -2.0e-1 4.0e-2 4.0e-2
4.0e-1 -2.0e-1 4.0e-2 4.0e-2
4.5e-1 -2.0e-1 4.0e-2 4.0e-2
5.0e-1 -2.0e-1 4.0e-2 4.0e-2
5.5e-1 -2.0e-1 4.0e-2 4.0e-2
6.0e-1 -2.0e-1 4.0e-2 4.0e-2
6.5e-1 -2.0e-1 4.0e-2 4.0e-2
7.0e-1 -2.0e-1 4.0e-2 4.0e-2
7.5e-1 -2.0e-1 4.0e-2 4.0e-2
8.0e-1 -2.0e-1 4.0e-2 4.0e-2
8.5e-1 -2.0e-1 4.0e-2 4.0e-2
9.0e-1 -2.0e-1 4.0e-2 4.0e-2
9.5e-1 -2.0e-1 4.0e-2 4.0e-2
1.0e0 -2.0e-1 4.0e-2 4.0e-2

-1.0e0 -1.5e-1 2.25e-2 2.25e-2
-9.5e-1 -1.5e-1 2.25e-2 2.25e-2
-9.0e-1 -1.5e-1 2.25e-2 2.25e-2
-8.5e-1 -1.5e-1 2.25e-2 2.25e-2
-8.0e-1 -1.5e-1 2.25e-2 2.25e-2
-7.5e-1 -1.5e-1 2.25e-2 2.25e-2
-7.0e-1 -1.5e-1 2.25e-2 2.25e-2
-6.5e-1 -1.5e-1 2.25e-2 2.25e-2
-6.0e-1 -1.5e-1 2.25e-2 2.25e-2
-5.5e-1 -1.5e-1 2.25e-2 2.25e-2
-5.0e-1 -1.5e-1 2.25e-2 2.25e-2
-4.5e-1 -1.5e-1 2.25e-2 2.25e-2
-4.0e-1 -1.5e-1 2.25e-2 2.25e-2
-3.5e-1 -1.5e-1 2.25e-2 2.25e-2
-3.0e-1 -1.5e-1 2.25e-2 2.25e-2
-2.5e-1 -1.5e-1 2.25e-2 2.25e-2
-2.0e-1 -1.5e-1 2.25e-2 2.25e-2
-1.5e-1 -1.5e-1 2.25e-2 2.25e-2
-1.0e-1 -1.5e-1 2.25e-2 2.25e-2
-5.0e-2 -1.5e-1 2.25e-2 2.25e-2
0.0e0 -1.5e-1 2.25e-2 2.25e-2
5.0e-2 -1.5e-1 2.25e-2 2.25e-2
1.0e-1 -1.5e-1 2.25e-2 2.25e-2
1.5e-1 -1.5e-1 2.25e-2 2.25e-2
2.0e-1 -1.5e-1 2.25e-2 2.25e-2
2.5e-1 -1.5e-1 2.25e-2 2.25e-2
3.0e-1 -1.5e-1 2.25e-2 2.25e-2
3.5e-1 -1.5e-1 2.25e-2 2.25e-2
4.0e-1 -1.5e-1 2.25e-2 2.25e-2
4.5e-1 -1.5e-1 2.25e-2 2.25e-2
5.0e-1 -1.5e-1 2.25e-2 2.25e-2
5.5e-1 -1.5e-1 2.25e-2 2.25e-2
6.0e-1 -1.5e-1 2.25e-2 2.25e-2
6.5e-1 -1.5e-1 2.25e-2 2.25e-2
7.0e-1 -1.5e-1 2.25e-2 2.25e-2
7.5e-1 -1.5e-1 2.25e-2 2.25e-2
8.0e-1 -1.5e-1 2.25e-2 2.25e-2
8.5e-1 -1.5e-1 2.25e-2 2.25e-2
9.0e-1 -1.5e-1 2.25e-2 2.25e-2
9.5e-1 -1.5e-1 2.25e-2 2.25e-2
1.0e0 -1.5e-1 2.25e-2 2.25e-2

-1.0e0 -1.0e-1 1.0e-2 1.0e-2
-9.5e-1 -1.0e-1 1.0e-2 1.0e-2
-9.0e-1 -1.0e-1 1.0e-2 1.0e-2
-8.5e-1 -1.0e-1 1.0e-2 1.0e-2
-8.0e-1 -1.0e-1 1.0e-2 1.0e-2
-7.5e-1 -1.0e-1 1.0e-2 1.0e-2
-7.0e-1 -1.0e-1 1.0e-2 1.0e-2
-6.5e-1 -1.0e-1 1.0e-2 1.0e-2
-6.0e-1 -1.0e-1 1.0e-2 1.0e-2
-5.5e-1 -1.0e-1 1.0e-2 1.0e-2
-5.0e-1 -1.0e-1 1.0e-2 1.0e-2
-4.5e-1 -1.0e-1 1.0e-2 1.0e-2
-4.0e-1 -1.0e-1 1.0e-2 1.0e-2
-3.5e-1 -1.0e-1 1.0e-2 1.0e-2
-3.0e-1 -1.0e-1 1.0e-2 1.0e-2
-2.5e-1 -1.0e-1 1.0e-2 1.0e-2
-2.0e-1 -1.0e-1 1.0e-2 1.0e-2
-1.5e-1 -1.0e-1 1.0e-2 1.0e-2
-1.0e-1 -1.0e-1 1.0e-2 1.0e-2
-5.0e-2 -1.0e-1 1.0e-2 1.0e-2
0.0e0 -1.0e-1 1.0e-2 1.0e-2
5.0e-2 -1.0e-1 1.0e-2 1.0e-2
1.0e-1 -1.0e-1 1.0e-2 1.0e-2
1.5e-1 -1.0e-1 1.0e-2 1.0e-2
2.0e-1 -1.0e-1 1.0e-2 1.0e-2
2.5e-1 -1.0e-1 1.0e-2 1.0e-2
3.0e-1 -1.0e-1 1.0e-2 1.0e-2
3.5e-1 -1.0e-1 1.0e-2 1.0e-2
4.0e-1 -1.0e-1 1.0e-2 1.0e-2
4.5e-1 -1.0e-1 1.0e-2 1.0e-2
5.0e-1 -1.0e-1 1.0e-2 1.0e-2
5.5e-1 -1.0e-1 1.0e-2 1.0e-2
6.0e-1 -1.0e-1 1.0e-2 1.0e-2
6.5e-1 -1.0e-1 1.0e-2 1.0e-2
7.0e-1 -1.0e-1 1.0e-2 1.0e-2
7.5e-1 -1.0e-1 1.0e-2 1.0e-2
8.0e-1 -1.0e-1 1.0e-2 1.0e-2
8.5e-1 -1.0e-1 1.0e-2 1.0e-2
9.0e-1 -1.0e-1 1.0e-2 1.0e-2
9.5e-1 -1.0e-1 1.0e-2 1.0e-2
1.0e0 -1.0e-1 1.0e-2 1.0e-2

-1.0e0 -5.0e-2 2.5e-3 2.5e-3
-9.5e-1 -5.0e-2 2.5e-3 2.5e-3
-9.0e-1 -5.0e-2 2.5e-3 2.5e-3
-8.5e-1 -5.0e-2 2.5e-3 2.5e-3
-8.0e-1 -5.0e-2 2.5e-3 2.5e-3
-7.5e-1 -5.0e-2 2.5e-3 2.5e-3
-7.0e-1 -5.0e-2 2.5e-3 2.5e-3
-6.5e-1 -5.0e-2 2.5e-3 2.5e-3
-6.0e-1 -5.0e-2 2.5e-3 2.5e-3
-5.5e-1 -5.0e-2 2.5e-3 2.5e-3
-5.0e-1 -5.0e-2 2.5e-3 2.5e-3
-4.5e-1 -5.0e-2 2.5e-3 2.5e-3
-4.0e-1 -5.0e-2 2.5e-3 2.5e-3
-3.5e-1 -5.0e-2 2.5e-3 2.5e-3
-3.0e-1 -5.0e-2 2.5e-3 2.5e-3
-2.5e-1 -5.0e-2 2.5e-3 2.5e-3
-2.0e-1 -5.0e-2 2.5e-3 2.5e-3
-1.5e-1 -5.0e-2 2.5e-3 2.5e-3
-1.0e-1 -5.0e-2 2.5e-3 2.5e-3
-5.0e-2 -5.0e-2 2.5e-3 2.5e-3
0.0e0 -5.0e-2 2.5e-3 2.5e-3
5.0e-2 -5.0e-2 2.5e-3 2.5e-3
1.0e-1 -5.0e-2 2.5e-3 2.5e-3
1.5e-1 -5.0e-2 2.5e-3 2.5e-3
2.0e-1 -5.0e-2 2.5e-3 2.5e-3
2.5e-1 -5.0e-2 2.5e-3 2.5e-3
3.0e-1 -5.0e-2 2.5e-3 2.5e-3
3.5e-1 -5.0e-2 2.5e-3 2.5e-3
4.0e-1 -5.0e-2 2.5e-3 2.5e-3
4.5e-1 -5.0e-2 2.5e-3 2.5e-3
5.0e-1 -5.0e-2 2.5e-3 2.5e-3
5.5e-1 -5.0e-2 2.5e-3 2.5e-3
6.0e-1 -5.0e-2 2.5e-3 2.5e-3
6.5e-1 -5.0e-2 2.5e-3 2.5e-3
7.0e-1 -5.0e-2 2.5e-3 2.5e-3
7.5e-1 -5.0e-2 2.5e-3 2.5e-3
8.0e-1 -5.0e-2 2.5e-3 2.5e-3
8.5e-1 -5.0e-2 2.5e-3 2.5e-3
9.0e-1 -5.0e-2 2.5e-3 2.5e-3
9.5e-1 -5.0e-2 2.5e-3 2.5e-3
1.0e0 -5.0e-2 2.5e-3 2.5e-3

-1.0e0 0.0e0 0.0e0 0.0e0
-9.5e-1 0.0e0 0.0e0 0.0e0
-9.0e-1 0.0e0 0.0e0 0.0e0
-8.5e-1 0.0e0 0.0e0 0.0e0
-8.0e-1 0.0e0 0.0e0 0.0e0
-7.5e-1 0.0e0 0.0e0 0.0e0
-7.0e-1 0.0e0 0.0e0 0.0e0
-6.5e-1 0.0e0 0.0e0 0.0e0
-6.0e-1 0.0e0 0.0e0 0.0e0
-5.5e-1 0.0e0 0.0e0 0.0e0
-5.0e-1 0.0e0 0.0e0 0.0e0
-4.5e-1 0.0e0 0.0e0 0.0e0
-4.0e-1 0.0e0 0.0e0 0.0e0
-3.5e-1 0.0e0 0.0e0 0.0e0
-3.0e-1 0.0e0 0.0e0 0.0e0
-2.5e-1 0.0e0 0.0e0 0.0e0
-2.0e-1 0.0e0 0.0e0 0.0e0
-1.5e-1 0.0e0 0.0e0 0.0e0
-1.0e-1 0.0e0 0.0e0 0.0e0
-5.0e-2 0.0e0 0.0e0 0.0e0
0.0e0 0.0e0 0.0e0 0.0e0
5.0e-2 0.0e0 0.0e0 0.0e0
1.0e-1 0.0e0 0.0e0 0.0e0
1.5e-1 0.0e0 0.0e0 0.0e0
2.0e-1 0.0e0 0.0e0 0.0e0
2.5e-1 0.0e0 0.0e0 0.0e0
3.0e-1 0.0e0 0.0e0 0.0e0
3.5e-1 0.0e0 0.0e0 0.0e0
4.0e-1 0.0e0 0.0e0 0.0e0
4.5e-1 0.0e0 0.0e0 0.0e0
5.0e-1 0.0e0 0.0e0 0.0e0
5.5e-1 0.0e0 0.0e0 0.0e0
6.0e-1 0.0e0 0.0e0 0.0e0
6.5e-1 0.0e0 0.0e0 0.0e0
7.0e-1 0.0e0 0.0e0 0.0e0
7.5e-1 0.0e0 0.0e0 0.0e0
8.0e-1 0.0e0 0.0e0 0.0e0
8.5e-1 0.0e0 0.0e0 0.0e0
9.0e-1 0.0e0 0.0e0 0.0e0
9.5e-1 0.0e0 0.0e0 0.0e0
1.0e0 0.0e0 0.0e0 0.0e0

-1.0e0 5.0e-2 2.5e-3 2.5e-3
-9.5e-1 5.0e-2 2.5e-3 2.5e-3
-9.0e-1 5.0e-2 2.5e-3 2.5e-3
-8.5e-1 5.0e-2 2.5e-3 2.5e-3
-8.0e-1 5.0e-2 2.5e-3 2.5e-3
-7.5e-1 5.0e-2 2.5e-3 2.5e-3
-7.0e-1 5.0e-2 2.5e-3 2.5e-3
-6.5e-1 5.0e-2 2.5e-3 2.5e-3
-6.0e-1 5.0e-2 2.5e-3 2.5e-3
-5.5e-1 5.0e-2 2.5e-3 2.5e-3
-5.0e-1 5.0e-2 2.5e-3 2.5e-3
-4.5e-1 5.0e-2 2.5e-3 2.5e-3
-4.0e-1 5.0e-2 2.5e-3 2.5e-3
-3.5e-1 5.0e-2 2.5e-3 2.5e-3
-3.0e-1 5.0e-2 2.5e-3 2.5e-3
-2.5e-1 5.0e-2 2.5e-3 2.5e-3
-2.0e-1 5.0e-2 2.5e-3 2.5e-3
-1.5e-1 5.0e-2 2.5e-3 2.5e-3
-1.0e-1 5.0e-2 2.5e-3 2.5e-3
-5.0e-2 5.0e-2 2.5e-3 2.5e-3
0.0e0 5.0e-2 2.5e-3 2.5e-3
5.0e-2 5.0e-2 2.5e-3 2.5e-3
1.0e-1 5.0e-2 2.5e-3 2.5e-3
1.5e-1 5.0e-2 2.5e-3 2.5e-3
2.0e-1 5.0e-2 2.5e-3 2.5e-3
2.5e-1 5.0e-2 2.5e-3 2.5e-3
3.0e-1 5.0e-2 2.5e-3 2.5e-3
3.5e-1 5.0e-2 2.5e-3 2.5e-3
4.0e-1 5.0e-2 2.5e-3 2.5e-3
4.5e-1 5.0e-2 2.5e-3 2.5e-3
5.0e-1 5.0e-2 2.5e-3 2.5e-3
5.5e-1 5.0e-2 2.5e-3 2.5e-3
6.0e-1 5.0e-2 2.5e-3 2.5e-3
6.5e-1 5.0e-2 2.5e-3 2.5e-3
7.0e-1 5.0e-2 2.5e-3 2.5e-3
7.5e-1 5.0e-2 2.5e-3 2.5e-3
8.0e-1 5.0e-2 2.5e-3 2.5e-3
8.5e-1 5.0e-2 2.5e-3 2.5e-3
9.0e-1 5.0e-2 2.5e-3 2.5e-3
9.5e-1 5.0e-2 2.5e-3 2.5e-3
1.0e0 5.0e-2 2.5e-3 2.5e-3

-1.0e0 1.0e-1 1.0e-2 1.0e-2
-9.5e-1 1.0e-1 1.0e-2 1.0e-2
-9.0e-1 1.0e-1 1.0e-2 1.0e-2
-8.5e-1 1.0e-1 1.0e-2 1.0e-2
-8.0e-1 1.0e-1 1.0e-2 1.0e-2
-7.5e-1 1.0e-1 1.0e-2 1.0e-2
-7.0e-1 1.0e-1 1.0e-2 1.0e-2
-6.5e-1 1.0e-1 1.0e-2 1.0e-2
-6.0e-1 1.0e-1 1.0e-2 1.0e-2
-5.5e-1 1.0e-1 1.0e-2 1.0e-2
-5.0e-1 1.0e-1 1.0e-2 1.0e-2
-4.5e-1 1.0e-1 1.0e-2 1.0e-2
-4.0e-1 1.0e-1 1.0e-2 1.0e-2
-3.5e-1 1.0e-1 1.0e-2 1.0e-2
-3.0e-1 1.0e-1 1.0e-2 1.0e-2
-2.5e-1 1.0e-1 1.0e-2 1.0e-2
-2.0e-1 1.0e-1 1.0e-2 1.0e-2
-1.5e-1 1.0e-1 1.0e-2 1.0e-2
-1.0e-1 1.0e-1 1.0e-2 1.0e-2
-5.0e-2 1.0e-1 1.0e-2 1.0e-2
0.0e0 1.0e-1 1.0e-2 1.0e-2
5.0e-2 1.0e-1 1.0e-2 1.0e-2
1.0e-1 1.0e-1 1.0e-2 1.0e-2
1.5e-1 1.0e-1 1.0e-2 1.0e-2
2.0e-1 1.0e-1 1.0e-2 1.0e-2
2.5e-1 1.0e-1 1.0e-2 1.0e-2
3.0e-1 1.0e-1 1.0e-2 1.0e-2
3.5e-1 1.0e-1 1.0e-2 1.0e-2
4.0e-1 1.0e-1 1.0e-2 1.0e-2
4.5e-1 1.0e-1 1.0e-2 1.0e-2
5.0e-1 1.0e-1 1.0e-2 1.0e-2
5.5e-1 1.0e-1 1.0e-2 1.0e-2
6.0e-1 1.0e-1 1.0e-2 1.0e-2
6.5e-1 1.0e-1 1.0e-2 1.0e-2
7.0e-1 1.0e-1 1.0e-2 1.0e-2
7.5e-1 1.0e-1 1.0e-2 1.0e-2
8.0e-1 1.0e-1 1.0e-2 1.0e-2
8.5e-1 1.0e-1 1.0e-2 1.0e-2
9.0e-1 1.0e-1 1.0e-2 1.0e-2
9.5e-1 1.0e-1 1.0e-2 1.0e-2
1.0e0 1.0e-1 1.0e-2 1.0e-2

-1.0e0 1.5e-1 2.25e-2 2.25e-2
-9.5e-1 1.5e-1 2.25e-2 2.25e-2
-9.0e-1 1.5e-1 2.25e-2 2.25e-2
-8.5e-1 1.5e-1 2.25e-2 2.25e-2
-8.0e-1 1.5e-1 2.25e-2 2.25e-2
-7.5e-1 1.5e-1 2.25e-2 2.25e-2
-7.0e-1 1.5e-1 2.25e-2 2.25e-2
-6.5e-1 1.5e-1 2.25e-2 2.25e-2
-6.0e-1 1.5e-1 2.25e-2 2.25e-2
-5.5e-1 1.5e-1 2.25e-2 2.25e-2
-5.0e-1 1.5e-1 2.25e-2 2.25e-2
-4.5e-1 1.5e-1 2.25e-2 2.25e-2
-4.0e-1 1.5e-1 2.25e-2 2.25e-2
-3.5e-1 1.5e-1 2.25e-2 2.25e-2
-3.0e-1 1.5e-1 2.25e-2 2.25e-2
-2.5e-1 1.5e-1 2.25e-2 2.25e-2
-2.0e-1 1.5e-1 2.25e-2 2.25e-2
-1.5e-1 1.5e-1 2.25e-2 2.25e-2
-1.0e-1 1.5e-1 2.25e-2 2.25e-2
-5.0e-2 1.5e-1 2.25e-2 2.25e-2
0.0e0 1.5e-1 2.25e-2 2.25e-2
5.0e-2 1.5e-1 2.25e-2 2.25e-2
1.0e-1 1.5e-1 2.25e-2 2.25e-2
1.5e-1 1.5e-1 2.25e-2 2.25e-2
2.0e-1 1.5e-1 2.25e-2 2.25e-2
2.5e-1 1.5e-1 2.25e-2 2.25e-2
3.0e-1 1.5e-1 2.25e-2 2.25e-2
3.5e-1 1.5e-1 2.25e-2 2.25e-2
4.0e-1 1.5e-1 2.25e-2 2.25e-2
4.5e-1 1.5e-1 2.25e-2 2.25e-2
5.0e-1 1.5e-1 2.25e-2 2.25e-2
5.5e-1 1.5e-1 2.25e-2 2.25e-2
6.0e-1 1.5e-1 2.25e-2 2.25e-2
6.5e-1 1.5e-1 2.25e-2 2.25e-2
7.0e-1 1.5e-1 2.25e-2 2.25e-2
7.5e-1 1.5e-1 2.25e-2 2.25e-2
8.0e-1 1.5e-1 2.25e-2 2.25e-2
8.5e-1 1.5e-1 2.25e-2 2.25e-2
9.0e-1 1.5e-1 2.25e-2 2.25e-2
9.5e-1 1.5e-1 2.25e-2 2.25e-2
1.0e0 1.5e-1 2.25e-2 2.25e-2

-1.0e0 2.0e-1 4.0e-2 4.0e-2
-9.5e-1 2.0e-1 4.0e-2 4.0e-2
-9.0e-1 2.0e-1 4.0e-2 4.0e-2
-8.5e-1 2.0e-1 4.0e-2 4.0e-2
-8.0e-1 2.0e-1 4.0e-2 4.0e-2
-7.5e-1 2.0e-1 4.0e-2 4.0e-2
-7.0e-1 2.0e-1 4.0e-2 4.0e-2
-6.5e-1 2.0e-1 4.0e-2 4.0e-2
-6.0e-1 2.0e-1 4.0e-2 4.0e-2
-5.5e-1 2.0e-1 4.0e-2 4.0e-2
-5.0e-1 2.0e-1 4.0e-2 4.0e-2
-4.5e-1 2.0e-1 4.0e-2 4.0e-2
-4.0e-1 2.0e-1 4.0e-2 4.0e-2
-3.5e-1 2.0e-1 4.0e-2 4.0e-2
-3.0e-1 2.0e-1 4.0e-2 4.0e-2
-2.5e-1 2.0e-1 4.0e-2 4.0e-2
-2.0e-1 2.0e-1 4.0e-2 4.0e-2
-1.5e-1 2.0e-1 4.0e-2 4.0e-2
-1.0e-1 2.0e-1 4.0e-2 4.0e-2
-5.0e-2 2.0e-1 4.0e-2 4.0e-2
0.0e0 2.0e-1 4.0e-2 4.0e-2
5.0e-2 2.0e-1 4.0e-2 4.0e-2
1.0e-1 2.0e-1 4.0e-2 4.0e-2
1.5e-1 2.0e-1 4.0e-2 4.0e-2
2.0e-1 2.0e-1 4.0e-2 4.0e-2
2.5e-1 2.0e-1 4.0e-2 4.0e-2
3.0e-1 2.0e-1 4.0e-2 4.0e-2
3.5e-1 2.0e-1 4.0e-2 4.0e-2
4.0e-1 2.0e-1 4.0e-2 4.0e-2
4.5e-1 2.0e-1 4.0e-2 4.0e-2
5.0e-1 2.0e-1 4.0e-2 4.0e-2
5.5e-1 2.0e-1 4.0e-2 4.0e-2
6.0e-1 2.0e-1 4.0e-2 4.0e-2
6.5e-1 2.0e-1 4.0e-2 4.0e-2
7.0e-1 2.0e-1 4.0e-2 4.0e-2
7.5e-1 2.0e-1 4.0e-2 4.0e-2
8.0e-1 2.0e-1 4.0e-2 4.0e-2
8.5e-1 2.0e-1 4.0e-2 4.0e-2
9.0e-1 2.0e-1 4.0e-2 4.0e-2
9.5e-1 2.0e-1 4.0e-2 4.0e-2
1.0e0 2.0e-1 4.0e-2 4.0e-2

-1.0e0 2.5e-1 6.25e-2 6.25e-2
-9.5e-1 2.5e-1 6.25e-2 6.25e-2
-9.0e-1 2.5e-1 6.25e-2 6.25e-2
-8.5e-1 2.5e-1 6.25e-2 6.25e-2
-8.0e-1 2.5e-1 6.25e-2 6.25e-2
-7.5e-1 2.5e-1 6.25e-2 6.25e-2
-7.0e-1 2.5e-1 6.25e-2 6.25e-2
-6.5e-1 2.5e-1 6.25e-2 6.25e-2
-6.0e-1 2.5e-1 6.25e-2 6.25e-2
-5.5e-1 2.5e-1 6.25e-2 6.25e-2
-5.0e-1 2.5e-1 6.25e-2 6.25e-2
-4.5e-1 2.5e-1 6.25e-2 6.25e-2
-4.0e-1 2.5e-1 6.25e-2 6.25e-2
-3.5e-1 2.5e-1 6.25e-2 6.25e-2
-3.0e-1 2.5e-1 6.25e-2 6.25e-2
-2.5e-1 2.5e-1 6.25e-2 6.25e-2
-2.0e-1 2.5e-1 6.25e-2 6.25e-2
-1.5e-1 2.5e-1 6.25e-2 6.25e-2
-1.0e-1 2.5e-1 6.25e-2 6.25e-2
-5.0e-2 2.5e-1 6.25e-2 6.25e-2
0.0e0 2.5e-1 6.25e-2 6.25e-2
5.0e-2 2.5e-1 6.25e-2 6.25e-2
1.0e-1 2.5e-1 6.25e-2 6.25e-2
1.5e-1 2.5e-1 6.25e-2 6.25e-2
2.0e-1 2.5e-1 6.25e-2 6.25e-2
2.5e-1 2.5e-1 6.25e-2 6.25e-2
3.0e-1 2.5e-1 6.25e-2 6.25e-2
3.5e-1 2.5e-1 6.25e-2 6.25e-2
4.0e-1 2.5e-1 6.25e-2 6.25e-2
4.5e-1 2.5e-1 6.25e-2 6.25e-2
5.0e-1 2.5e-1 6.25e-2 6.25e-2
5.5e-1 2.5e-1 6.25e-2 6.25e-2
6.0e-1 2.5e-1 6.25e-2 6.25e-2
6.5e-1 2.5e-1 6.25e-2 6.25e-2
7.0e-1 2.5e-1 6.25e-2 6.25e-2
7.5e-1 2.5e-1 6.25e-2 6.25e-2
8.0e-1 2.5e-1 6.25e-2 6.25e-2
8.5e-1 2.5e-1 6.25e-2 6.25e-2
9.0e-1 2.5e-1 6.25e-2 6.25e-2
9.5e-1 2.5e-1 6.25e-2 6.25e-2
1.0e0 2.5e-1 6.25e-2 6.25e-2

-1.0e0 3.0e-1 9.0e-2 9.0e-2
-9.5e-1 3.0e-1 9.0e-2 9.0e-2
-9.0e-1 3.0e-1 9.0e-2 9.0e-2
-8.5e-1 3.0e-1 9.0e-2 9.0e-2
-8.0e-1 3.0e-1 9.0e-2 9.0e-2
-7.5e-1 3.0e-1 9.0e-2 9.0e-2
-7.0e-1 3.0e-1 9.0e-2 9.0e-2
-6.5e-1 3.0e-1 9.0e-2 9.0e-2
-6.0e-1 3.0e-1 9.0e-2 9.0e-2
-5.5e-1 3.0e-1 9.0e-2 9.0e-2
-5.0e-1 3.0e-1 9.0e-2 9.0e-2
-4.5e-1 3.0e-1 9.0e-2 9.0e-2
-4.0e-1 3.0e-1 9.0e-2 9.0e-2
-3.5e-1 3.0e-1 9.0e-2 9.0e-2
-3.0e-1 3.0e-1 9.0e-2 9.0e-2
-2.5e-1 3.0e-1 9.0e-2 9.0e-2
-2.0e-1 3.0e-1 9.0e-2 9.0e-2
-1.5e-1 3.0e-1 9.0e-2 9.0e-2
-1.0e-1 3.0e-1 9.0e-2 9.0e-2
-5.0e-2 3.0e-1 9.0e-2 9.0e-2
0.0e0 3.0e-1 9.0e-2 9.0e-2
5.0e-2 3.0e-1 9.0e-2 9.0e-2
1.0e-1 3.0e-1 9.0e-2 9.0e-2
1.5e-1 3.0e-1 9.0e-2 9.0e-2
2.0e-1 3.0e-1 9.0e-2 9.0e-2
2.5e-1 3.0e-1 9.0e-2 9.0e-2
3.0e-1 3.0e-1 9.0e-2 9.0e-2
3.5e-1 3.0e-1 9.0e-2 9.0e-2
4.0e-1 3.0e-1 9.0e-2 9.0e-2
4.5e-1 3.0e-1 9.0e-2 9.0e-2
5.0e-1 3.0e-1 9.0e-2 9.0e-2
5.5e-1 3.0e-1 9.0e-2 9.0e-2
6.0e-1 3.0e-1 9.0e-2 9.0e-2
6.5e-1 3.0e-1 9.0e-2 9.0e-2
7.0e-1 3.0e-1 9.0e-2 9.0e-2
7.5e-1 3.0e-1 9.0e-2 9.0e-2
8.0e-1 3.0e-1 9.0e-2 9.0e-2
8.5e-1 3.0e-1 9.0e-2 9.0e-2
9.0e-1 3.0e-1 9.0e-2 9.0e-2
9.5e-1 3.0e-1 9.0e-2 9.0e-2
1.0e0 3.0e-1 9.0e-2 9.0e-2

-1.0e0 3.5e-1 1.225e-1 1.225e-1
-9.5e-1 3.5e-1 1.225e-1 1.225e-1
-9.0e-1 3.5e-1 1.225e-1 1.225e-1
-8.5e-1 3.5e-1 1.225e-1 1.225e-1
-8.0e-1 3.5e-1 1.225e-1 1.225e-1
-7.5e-1 3.5e-1 1.225e-1 1.225e-1
-7.0e-1 3.5e-1 1.225e-1 1.225e-1
-6.5e-1 3.5e-1 1.225e-1 1.225e-1
-6.0e-1 3.5e-1 1.225e-1 1.225e-1
-5.5e-1 3.5e-1 1.225e-1 1.225e-1
-5.0e-1 3.5e-1 1.225e-1 1.225e-1
-4.5e-1 3.5e-1 1.225e-1 1.225e-1
-4.0e-1 3.5e-1 1.225e-1 1.225e-1
-3.5e-1 3.5e-1 1.225e-1 1.225e-1
-3.0e-1 3.5e-1 1.225e-1 1.225e-1
-2.5e-1 3.5e-1 1.225e-1 1.225e-1
-2.0e-1 3.5e-1 1.225e-1 1.225e-1
-1.5e-1 3.5e-1 1.225e-1 1.225e-1
-1.0e-1 3.5e-1 1.225e-1 1.225e-1
-5.0e-2 3.5e-1 1.225e-1 1.225e-1
0.0e0 3.5e-1 1.225e-1 1.225e-1
5.0e-2 3.5e-1 1.225e-1 1.225e-1
1.0e-1 3.5e-1 1.225e-1 1.225e-1
1.5e-1 3.5e-1 1.225e-1 1.225e-1
2.0e-1 3.5e-1 1.225e-1 1.225e-1
2.5e-1 3.5e-1 1.225e-1 1.225e-1
3.0e-1 3.5e-1 1.225e-1 1.225e-1
3.5e-1 3.5e-1 1.225e-1 1.225e-1
4.0e-1 3.5e-1 1.225e-1 1.225e-1
4.5e-1 3.5e-1 1.225e-1 1.225e-1
5.0e-1 3.5e-1 1.225e-1 1.225e-1
5.5e-1 3.5e-1 1.225e-1 1.225e-1
6.0e-1 3.5e-1 1.225e-1 1.225e-1
6.5e-1 3.5e-1 1.225e-1 1.225e-1
7.0e-1 3.5e-1 1.225e-1 1.225e-1
7.5e-1 3.5e-1 1.225e-1 1.225e-1
8.0e-1 3.5e-1 1.225e-1 1.225e-1
8.5e-1 3.5e-1 1.225e-1 1.225e-1
9.0e-1 3.5e-1 1.225e-1 1.225e-1
9.5e-1 3.5e-1 1.225e-1 1.225e-1
1.0e0 3.5e-1 1.225e-1 1.225e-1

-1.0e0 4.0e-1 1.6e-1 1.6e-1
-9.5e-1 4.0e-1 1.6e-1 1.6e-1
-9.0e-1 4.0e-1 1.6e-1 1.6e-1
-8.5e-1 4.0e-1 1.6e-1 1.6e-1
-8.0e-1 4.0e-1 1.6e-1 1.6e-1
-7.5e-1 4.0e-1 1.6e-1 1.6e-1
-7.0e-1 4.0e-1 1.6e-1 1.6e-1
-6.5e-1 4.0e-1 1.6e-1 1.6e-1
-6.0e-1 4.0e-1 1.6e-1 1.6e-1
-5.5e-1 4.0e-1 1.6e-1 1.6e-1
-5.0e-1 4.0e-1 1.6e-1 1.6e-1
-4.5e-1 4.0e-1 1.6e-1 1.6e-1
-4.0e-1 4.0e-1 1.6e-1 1.6e-1
-3.5e-1 4.0e-1 1.6e-1 1.6e-1
-3.0e-1 4.0e-1 1.6e-1 1.6e-1
-2.5e-1 4.0e-1 1.6e-1 1.6e-1
-2.0e-1 4.0e-1 1.6e-1 1.6e-1
-1.5e-1 4.0e-1 1.6e-1 1.6e-1
-1.0e-1 4.0e-1 1.6e-1 1.6e-1
-5.0e-2 4.0e-1 1.6e-1 1.6e-1
0.0e0 4.0e-1 1.6e-1 1.6e-1
5.0e-2 4.0e-1 1.6e-1 1.6e-1
1.0e-1 4.0e-1 1.6e-1 1.6e-1
1.5e-1 4.0e-1 1.6e-1 1.6e-1
2.0e-1 4.0e-1 1.6e-1 1.6e-1
2.5e-1 4.0e-1 1.6e-1 1.6e-1
3.0e-1 4.0e-1 1.6e-1 1.6e-1
3.5e-1 4.0e-1 1.6e-1 1.6e-1
4.0e-1 4.0e-1 1.6e-1 1.6e-1
4.5e-1 4.0e-1 1.6e-1 1.6e-1
5.0e-1 4.0e-1 1.6e-1 1.6e-1
5.5e-1 4.0e-1 1.6e-1 1.6e-1
6.0e-1 4.0e-1 1.6e-1 1.6e-1
6.5e-1 4.0e-1 1.6e-1 1.6e-1
7.0e-1 4.0e-1 1.6e-1 1.6e-1
7.5e-1 4.0e-1 1.6e-1 1.6e-1
8.0e-1 4.0e-1 1.6e-1 1.6e-1
8.5e-1 4.0e-1 1.6e-1 1.6e-1
9.0e-1 4.0e-1 1.6e-1 1.6e-1
9.5e-1 4.0e-1 1.6e-1 1.6e-1
1.0e0 4.0e-1 1.6e-1 1.6e-1

-1.0e0 4.5e-1 2.025e-1 2.025e-1
-9.5e-1 4.5e-1 2.025e-1 2.025e-1
-9.0e-1 4.5e-1 2.025e-1 2.025e-1
-8.5e-1 4.5e-1 2.025e-1 2.025e-1
-8.0e-1 4.5e-1 2.025e-1 2.025e-1
-7.5e-1 4.5e-1 2.025e-1 2.025e-1
-7.0e-1 4.5e-1 2.025e-1 2.025e-1
-6.5e-1 4.5e-1 2.025e-1 2.025e-1
-6.0e-1 4.5e-1 2.025e-1 2.025e-1
-5.5e-1 4.5e-1 2.025e-1 2.025e-1
-5.0e-1 4.5e-1 2.025e-1 2.025e-1
-4.5e-1 4.5e-1 2.025e-1 2.025e-1
-4.0e-1 4.5e-1 2.025e-1 2.025e-1
-3.5e-1 4.5e-1 2.025e-1 2.025e-1
-3.0e-1 4.5e-1 2.025e-1 2.025e-1
-2.5e-1 4.5e-1 2.025e-1 2.025e-1
-2.0e-1 4.5e-1 2.025e-1 2.025e-1
-1.5e-1 4.5e-1 2.025e-1 2.025e-1
-1.0e-1 4.5e-1 2.025e-1 2.025e-1
-5.0e-2 4.5e-1 2.025e-1 2.025e-1
0.0e0 4.5e-1 2.025e-1 2.025e-1
5.0e-2 4.5e-1 2.025e-1 2.025e-1
1.0e-1 4.5e-1 2.025e-1 2.025e-1
1.5e-1 4.5e-1 2.025e-1 2.025e-1
2.0e-1 4.5e-1 2.025e-1 2.025e-1
2.5e-1 4.5e-1 2.025e-1 2.025e-1
3.0e-1 4.5e-1 2.025e-1 2.025e-1
3.5e-1 4.5e-1 2.025e-1 2.025e-1
4.0e-1 4.5e-1 2.025e-1 2.025e-1
4.5e-1 4.5e-1 2.025e-1 2.025e-1
5.0e-1 4.5e-1 2.025e-1 2.025e-1
5.5e-1 4.5e-1 2.025e-1 2.025e-1
6.0e-1 4.5e-1 2.025e-1 2.025e-1
6.5e-1 4.5e-1 2.025e-1 2.025e-1
7.0e-1 4.5e-1 2.025e-1 2.025e-1
7.5e-1 4.5e-1 2.025e-1 2.025e-1
8.0e-1 4.5e-1 2.025e-1 2.025e-1
8.5e-1 4.5e-1 2.025e-1 2.025e-1
9.0e-1 4.5e-1 2.025e-1 2.025e-1
9.5e-1 4.5e-1 2.025e-1 2.025e-1
1.0e0 4.5e-1 2.025e-1 2.025e-1

-1.0e0 5.0e-1 2.5e-1 2.5e-1
-9.5e-1 5.0e-1 2.5e-1 2.5e-1
-9.0e-1 5.0e-1 2.5e-1 2.5e-1
-8.5e-1 5.0e-1 2.5e-1 2.5e-1
-8.0e-1 5.0e-1 2.5e-1 2.5e-1
-7.5e-1 5.0e-1 2.5e-1 2.5e-1
-7.0e-1 5.0e-1 2.5e-1 2.5e-1
-6.5e-1 5.0e-1 2.5e-1 2.5e-1
-6.0e-1 5.0e-1 2.5e-1 2.5e-1
-5.5e-1 5.0e-1 2.5e-1 2.5e-1
-5.0e-1 5.0e-1 2.5e-1 2.5e-1
-4.5e-1 5.0e-1 2.5e-1 2.5e-1
-4.0e-1 5.0e-1 2.5e-1 2.5e-1
-3.5e-1 5.0e-1 2.5e-1 2.5e-1
-3.0e-1 5.0e-1 2.5e-1 2.5e-1
-2.5e-1 5.0e-1 2.5e-1 2.5e-1
-2.0e-1 5.0e-1 2.5e-1 2.5e-1
-1.5e-1 5.0e-1 2.5e-1 2.5e-1
-1.0e-1 5.0e-1 2.5e-1 2.5e-1
-5.0e-2 5.0e-1 2.5e-1 2.5e-1
0.0e0 5.0e-1 2.5e-1 2.5e-1
5.0e-2 5.0e-1 2.5e-1 2.5e-1
1.0e-1 5.0e-1 2.5e-1 2.5e-1
1.5e-1 5.0e-1 2.5e-1 2.5e-1
2.0e-1 5.0e-1 2.5e-1 2.5e-1
2.5e-1 5.0e-1 2.5e-1 2.5e-1
3.0e-1 5.0e-1 2.5e-1 2.5e-1
3.5e-1 5.0e-1 2.5e-1 2.5e-1
4.0e-1 5.0e-1 2.5e-1 2.5e-1
4.5e-1 5.0e-1 2.5e-1 2.5e-1
5.0e-1 5.0e-1 2.5e-1 2.5e-1
5.5e-1 5.0e-1 2.5e-1 2.5e-1
6.0e-1 5.0e-1 2.5e-1 2.5e-1
6.5e-1 5.0e-1 2.5e-1 2.5e-1
7.0e-1 5.0e-1 2.5e-1 2.5e-1
7.5e-1 5.0e-1 2.5e-1 2.5e-1
8.0e-1 5.0e-1 2.5e-1 2.5e-1
8.5e-1 5.0e-1 2.5e-1 2.5e-1
9.0e-1 5.0e-1 2.5e-1 2.5e-1
9.5e-1 5.0e-1 2.5e-1 2.5e-1
1.0e0 5.0e-1 2.5e-1 2.5e-1

-1.0e0 5.5e-1 3.025e-1 3.025e-1
-9.5e-1 5.5e-1 3.025e-1 3.025e-1
-9.0e-1 5.5e-1 3.025e-1 3.025e-1
-8.5e-1 5.5e-1 3.025e-1 3.025e-1
-8.0e-1 5.5e-1 3.025e-1 3.025e-1
-7.5e-1 5.5e-1 3.025e-1 3.025e-1
-7.0e-1 5.5e-1 3.025e-1 3.025e-1
-6.5e-1 5.5e-1 3.025e-1 3.025e-1
-6.0e-1 5.5e-1 3.025e-1 3.025e-1
-5.5e-1 5.5e-1 3.025e-1 3.025e-1
-5.0e-1 5.5e-1 3.025e-1 3.025e-1
-4.5e-1 5.5e-1 3.025e-1 3.025e-1
-4.0e-1 5.5e-1 3.025e-1 3.025e-1
-3.5e-1 5.5e-1 3.025e-1 3.025e-1
-3.0e-1 5.5e-1 3.025e-1 3.025e-1
-2.5e-1 5.5e-1 3.025e-1 3.025e-1
-2.0e-1 5.5e-1 3.025e-1 3.025e-1
-1.5e-1 5.5e-1 3.025e-1 3.025e-1
-1.0e-1 5.5e-1 3.025e-1 3.025e-1
-5.0e-2 5.5e-1 3.025e-1 3.025e-1
0.0e0 5.5e-1 3.025e-1 3.025e-1
5.0e-2 5.5e-1 3.025e-1 3.025e-1
1.0e-1 5.5e-1 3.025e-1 3.025e-1
1.5e-1 5.5e-1 3.025e-1 3.025e-1
2.0e-1 5.5e-1 3.025e-1 3.025e-1
2.5e-1 5.5e-1 3.025e-1 3.025e-1
3.0e-1 5.5e-1 3.025e-1 3.025e-1
3.5e-1 5.5e-1 3.025e-1 3.025e-1
4.0e-1 5.5e-1 3.025e-1 3.025e-1
4.5e-1 5.5e-1 3.025e-1 3.025e-1
5.0e-1 5.5e-1 3.025e-1 3.025e-1
5.5e-1 5.5e-1 3.025e-1 3.025e-1
6.0e-1 5.5e-1 3.025e-1 3.025e-1
6.5e-1 5.5e-1 3.025e-1 3.025e-1
7.0e-1 5.5e-1 3.025e-1 3.025e-1
7.5e-1 5.5e-1 3.025e-1 3.025e-1
8.0e-1 5.5e-1 3.025e-1 3.025e-1
8.5e-1 5.5e-1 3.025e-1 3.025e-1
9.0e-1 5.5e-1 3.025e-1 3.025e-1
9.5e-1 5.5e-1 3.025e-1 3.025e-1
1.0e0 5.5e-1 3.025e-1 3.025e-1

-1.0e0 6.0e-1 3.6e-1 3.6e-1
-9.5e-1 6.0e-1 3.6e-1 3.6e-1
-9.0e-1 6.0e-1 3.6e-1 3.6e-1
-8.5e-1 6.0e-1 3.6e-1 3.6e-1
-8.0e-1 6.0e-1 3.6e-1 3.6e-1
-7.5e-1 6.0e-1 3.6e-1 3.6e-1
-7.0e-1 6.0e-1 3.6e-1 3.6e-1
-6.5e-1 6.0e-1 3.6e-1 3.6e-1
-6.0e-1 6.0e-1 3.6e-1 3.6e-1
-5.5e-1 6.0e-1 3.6e-1 3.6e-1
-5.0e-1 6.0e-1 3.6e-1 3.6e-1
-4.5e-1 6.0e-1 3.6e-1 3.6e-1
-4.0e-1 6.0e-1 3.6e-1 3.6e-1
-3.5e-1 6.0e-1 3.6e-1 3.6e-1
-3.0e-1 6.0e-1 3.6e-1 3.6e-1
-2.5e-1 6.0e-1 3.6e-1 3.6e-1
-2.0e-1 6.0e-1 3.6e-1 3.6e-1
-1.5e-1 6.0e-1 3.6e-1 3.6e-1
-1.0e-1 6.0e-1 3.6e-1 3.6e-1
-5.0e-2 6.0e-1 3.6e-1 3.6e-1
0.0e0 6.0e-1 3.6e-1 3.6e-1
5.0e-2 6.0e-1 3.6e-1 3.6e-1
1.0e-1 6.0e-1 3.6e-1 3.6e-1
1.5e-1 6.0e-1 3.6e-1 3.6e-1
2.0e-1 6.0e-1 3.6e-1 3.6e-1
2.5e-1 6.0e-1 3.6e-1 3.6e-1
3.0e-1 6.0e-1 3.6e-1 3.6e-1
3.5e-1 6.0e-1 3.6e-1 3.6e-1
4.0e-1 6.0e-1 3.6e-1 3.6e-1
4.5e-1 6.0e-1 3.6e-1 3.6e-1
5.0e-1 6.0e-1 3.6e-1 3.6e-1
5.5e-1 6.0e-1 3.6e-1 3.6e-1
6.0e-1 6.0e-1 3.6e-1 3.6e-1
6.5e-1 6.0e-1 3.6e-1 3.6e-1
7.0e-1 6.0e-1 3.6e-1 3.6e-1
7.5e-1 6.0e-1 3.6e-1 3.6e-1
8.0e-1 6.0e-1 3.6e-1 3.6e-1
8.5e-1 6.0e-1 3.6e-1 3.6e-1
9.0e-1 6.0e-1 3.6e-1 3.6e-1
9.5e-1 6.0e-1 3.6e-1 3.6e-1
1.0e0 6.0e-1 3.6e-1 3.6e-1

-1.0e0 6.5e-1 4.225e-1 4.225e-1
-9.5e-1 6.5e-1 4.225e-1 4.225e-1
-9.0e-1 6.5e-1 4.225e-1 4.225e-1
-8.5e-1 6.5e-1 4.225e-1 4.225e-1
-8.0e-1 6.5e-1 4.225e-1 4.225e-1
-7.5e-1 6.5e-1 4.225e-1 4.225e-1
-7.0e-1 6.5e-1 4.225e-1 4.225e-1
-6.5e-1 6.5e-1 4.225e-1 4.225e-1
-6.0e-1 6.5e-1 4.225e-1 4.225e-1
-5.5e-1 6.5e-1 4.225e-1 4.225e-1
-5.0e-1 6.5e-1 4.225e-1 4.225e-1
-4.5e-1 6.5e-1 4.225e-1 4.225e-1
-4.0e-1 6.5e-1 4.225e-1 4.225e-1
-3.5e-1 6.5e-1 4.225e-1 4.225e-1
-3.0e-1 6.5e-1 4.225e-1 4.225e-1
-2.5e-1 6.5e-1 4.225e-1 4.225e-1
-2.0e-1 6.5e-1 4.225e-1 4.225e-1
-1.5e-1 6.5e-1 4.225e-1 4.225e-1
-1.0e-1 6.5e-1 4.225e-1 4.225e-1
-5.0e-2 6.5e-1 4.225e-1 4.225e-1
0.0e0 6.5e-1 4.225e-1 4.225e-1
5.0e-2 6.5e-1 4.225e-1 4.225e-1
1.0e-1 6.5e-1 4.225e-1 4.225e-1
1.5e-1 6.5e-1 4.225e-1 4.225e-1
2.0e-1 6.5e-1 4.225e-1 4.225e-1
2.5e-1 6.5e-1 4.225e-1 4.225e-1
3.0e-1 6.5e-1 4.225e-1 4.225e-1
3.5e-1 6.5e-1 4.225e-1 4.225e-1
4.0e-1 6.5e-1 4.225e-1 4.225e-1
4.5e-1 6.5e-1 4.225e-1 4.225e-1
5.0e-1 6.5e-1 4.225e-1 4.225e-1
5.5e-1 6.5e-1 4.225e-1 4.225e-1
6.0e-1 6.5e-1 4.225e-1 4.225e-1
6.5e-1 6.5e-1 4.225e-1 4.225e-1
7.0e-1 6.5e-1 4.225e-1 4.225e-1
7.5e-1 6.5e-1 4.225e-1 4.225e-1
8.0e-1 6.5e-1 4.225e-1 4.225e-1
8.5e-1 6.5e-1 4.225e-1 4.225e-1
9.0e-1 6.5e-1 4.225e-1 4.225e-1
9.5e-1 6.5e-1 4.225e-1 4.225e-1
1.0e0 6.5e-1 4.225e-1 4.225e-1

-1.0e0 7.0e-1 4.9e-1 4.9e-1
-9.5e-1 7.0e-1 4.9e-1 4.9e-1
-9.0e-1 7.0e-1 4.9e-1 4.9e-1
-8.5e-1 7.0e-1 4.9e-1 4.9e-1
-8.0e-1 7.0e-1 4.9e-1 4.9e-1
-7.5e-1 7.0e-1 4.9e-1 4.9e-1
-7.0e-1 7.0e-1 4.9e-1 4.9e-1
-6.5e-1 7.0e-1 4.9e-1 4.9e-1
-6.0e-1 7.0e-1 4.9e-1 4.9e-1
-5.5e-1 7.0e-1 4.9e-1 4.9e-1
-5.0e-1 7.0e-1 4.9e-1 4.9e-1
-4.5e-1 7.0e-1 4.9e-1 4.9e-1
-4.0e-1 7.0e-1 4.9e-1 4.9e-1
-3.5e-1 7.0e-1 4.9e-1 4.9e-1
-3.0e-1 7.0e-1 4.9e-1 4.9e-1
-2.5e-1 7.0e-1 4.9e-1 4.9e-1
-2.0e-1 7.0e-1 4.9e-1 4.9e-1
-1.5e-1 7.0e-1 4.9e-1 4.9e-1
-1.0e-1 7.0e-1 4.9e-1 4.9e-1
-5.0e-2 7.0e-1 4.9e-1 4.9e-1
0.0e0 7.0e-1 4.9e-1 4.9e-1
5.0e-2 7.0e-1 4.9e-1 4.9e-1
1.0e-1 7.0e-1 4.9e-1 4.9e-1
1.5e-1 7.0e-1 4.9e-1 4.9e-1
2.0e-1 7.0e-1 4.9e-1 4.9e-1
2.5e-1 7.0e-1 4.9e-1 4.9e-1
3.0e-1 7.0e-1 4.9e-1 4.9e-1
3.5e-1 7.0e-1 4.9e-1 4.9e-1
4.0e-1 7.0e-1 4.9e-1 4.9e-1
4.5e-1 7.0e-1 4.9e-1 4.9e-1
5.0e-1 7.0e-1 4.9e-1 4.9e-1
5.5e-1 7.0e-1 4.9e-1 4.9e-1
6.0e-1 7.0e-1 4.9e-1 4.9e-1
6.5e-1 7.0e-1 4.9e-1 4.9e-1
7.0e-1 7.0e-1 4.9e-1 4.9e-1
7.5e-1 7.0e-1 4.9e-1 4.9e-1
8.0e-1 7.0e-1 4.9e-1 4.9e-1
8.5e-1 7.0e-1 4.9e-1 4.9e-1
9.0e-1 7.0e-1 4.9e-1 4.9e-1
9.5e-1 7.0e-1 4.9e-1 4.9e-1
1.0e0 7.0e-1 4.9e-1 4.9e-1

-1.0e0 7.5e-1 5.625e-1 5.625e-1
-9.5e-1 7.5e-1 5.625e-1 5.625e-1
-9.0e-1 7.5e-1 5.625e-1 5.625e-1
-8.5e-1 7.5e-1 5.625e-1 5.625e-1
-8.0e-1 7.5e-1 5.625e-1 5.625e-1
-7.5e-1 7.5e-1 5.625e-1 5.625e-1
-7.0e-1 7.5e-1 5.625e-1 5.625e-1
-6.5e-1 7.5e-1 5.625e-1 5.625e-1
-6.0e-1 7.5e-1 5.625e-1 5.625e-1
-5.5e-1 7.5e-1 5.625e-1 5.625e-1
-5.0e-1 7.5e-1 5.625e-1 5.625e-1
-4.5e-1 7.5e-1 5.625e-1 5.625e-1
-4.0e-1 7.5e-1 5.625e-1 5.625e-1
-3.5e-1 7.5e-1 5.625e-1 5.625e-1
-3.0e-1 7.5e-1 5.625e-1 5.625e-1
-2.5e-1 7.5e-1 5.625e-1 5.625e-1
-2.0e-1 7.5e-1 5.625e-1 5.625e-1
-1.5e-1 7.5e-1 5.625e-1 5.625e-1
-1.0e-1 7.5e-1 5.625e-1 5.625e-1
-5.0e-2 7.5e-1 5.625e-1 5.625e-1
0.0e0 7.5e-1 5.625e-1 5.625e-1
5.0e-2 7.5e-1 5.625e-1 5.625e-1
1.0e-1 7.5e-1 5.625e-1 5.625e-1
1.5e-1 7.5e-1 5.625e-1 5.625e-1
2.0e-1 7.5e-1 5.625e-1 5.625e-1
2.5e-1 7.5e-1 5.625e-1 5.625e-1
3.0e-1 7.5e-1 5.625e-1 5.625e-1
3.5e-1 7.5e-1 5.625e-1 5.625e-1
4.0e-1 7.5e-1 5.625e-1 5.625e-1
4.5e-1 7.5e-1 5.625e-1 5.625e-1
5.0e-1 7.5e-1 5.625e-1 5.625e-1
5.5e-1 7.5e-1 5.625e-1 5.625e-1
6.0e-1 7.5e-1 5.625e-1 5.625e-1
6.5e-1 7.5e-1 5.625e-1 5.625e-1
7.0e-1 7.5e-1 5.625e-1 5.625e-1
7.5e-1 7.5e-1 5.625e-1 5.625e-1
8.0e-1 7.5e-1 5.625e-1 5.625e-1
8.5e-1 7.5e-1 5.625e-1 5.625e-1
9.0e-1 7.5e-1 5.625e-1 5.625e-1
9.5e-1 7.5e-1 5.625e-1 5.625e-1
1.0e0 7.5e-1 5.625e-1 5.625e-1

-1.0e0 8.0e-1 6.4e-1 6.4e-1
-9.5e-1 8.0e-1 6.4e-1 6.4e-1
-9.0e-1 8.0e-1 6.4e-1 6.4e-1
-8.5e-1 8.0e-1 6.4e-1 6.4e-1
-8.0e-1 8.0e-1 6.4e-1 6.4e-1
-7.5e-1 8.0e-1 6.4e-1 6.4e-1
-7.0e-1 8.0e-1 6.4e-1 6.4e-1
-6.5e-1 8.0e-1 6.4e-1 6.4e-1
-6.0e-1 8.0e-1 6.4e-1 6.4e-1
-5.5e-1 8.0e-1 6.4e-1 6.4e-1
-5.0e-1 8.0e-1 6.4e-1 6.4e-1
-4.5e-1 8.0e-1 6.4e-1 6.4e-1
-4.0e-1 8.0e-1 6.4e-1 6.4e-1
-3.5e-1 8.0e-1 6.4e-1 6.4e-1
-3.0e-1 8.0e-1 6.4e-1 6.4e-1
-2.5e-1 8.0e-1 6.4e-1 6.4e-1
-2.0e-1 8.0e-1 6.4e-1 6.4e-1
-1.5e-1 8.0e-1 6.4e-1 6.4e-1
-1.0e-1 8.0e-1 6.4e-1 6.4e-1
-5.0e-2 8.0e-1 6.4e-1 6.4e-1
0.0e0 8.0e-1 6.4e-1 6.4e-1
5.0e-2 8.0e-1 6.4e-1 6.4e-1
1.0e-1 8.0e-1 6.4e-1 6.4e-1
1.5e-1 8.0e-1 6.4e-1 6.4e-1
2.0e-1 8.0e-1 6.4e-1 6.4e-1
2.5e-1 8.0e-1 6.4e-1 6.4e-1
3.0e-1 8.0e-1 6.4e-1 6.4e-1
3.5e-1 8.0e-1 6.4e-1 6.4e-1
4.0e-1 8.0e-1 6.4e-1 6.4e-1
4.5e-1 8.0e-1 6.4e-1 6.4e-1
5.0e-1 8.0e-1 6.4e-1 6.4e-1
5.5e-1 8.0e-1 6.4e-1 6.4e-1
6.0e-1 8.0e-1 6.4e-1 6.4e-1
6.5e-1 8.0e-1 6.4e-1 6.4e-1
7.0e-1 8.0e-1 6.4e-1 6.4e-1
7.5e-1 8.0e-1 6.4e-1 6.4e-1
8.0e-1 8.0e-1 6.4e-1 6.4e-1
8.5e-1 8.0e-1 6.4e-1 6.4e-1
9.0e-1 8.0e-1 6.4e-1 6.4e-1
9.5e-1 8.0e-1 6.4e-1 6.4e-1
1.0e0 8.0e-1 6.4e-1 6.4e-1

-1.0e0 8.5e-1 7.225e-1 7.225e-1
-9.5e-1 8.5e-1 7.225e-1 7.225e-1
-9.0e-1 8.5e-1 7.225e-1 7.225e-1
-8.5e-1 8.5e-1 7.225e-1 7.225e-1
-8.0e-1 8.5e-1 7.225e-1 7.225e-1
-7.5e-1 8.5e-1 7.225e-1 7.225e-1
-7.0e-1 8.5e-1 7.225e-1 7.225e-1
-6.5e-1 8.5e-1 7.225e-1 7.225e-1
-6.0e-1 8.5e-1 7.225e-1 7.225e-1
-5.5e-1 8.5e-1 7.225e-1 7.225e-1
-5.0e-1 8.5e-1 7.225e-1 7.225e-1
-4.5e-1 8.5e-1 7.225e-1 7.225e-1
-4.0e-1 8.5e-1 7.225e-1 7.225e-1
-3.5e-1 8.5e-1 7.225e-1 7.225e-1
-3.0e-1 8.5e-1 7.225e-1 7.225e-1
-2.5e-1 8.5e-1 7.225e-1 7.225e-1
-2.0e-1 8.5e-1 7.225e-1 7.225e-1
-1.5e-1 8.5e-1 7.225e-1 7.225e-1
-1.0e-1 8.5e-1 7.225e-1 7.225e-1
-5.0e-2 8.5e-1 7.225e-1 7.225e-1
0.0e0 8.5e-1 7.225e-1 7.225e-1
5.0e-2 8.5e-1 7.225e-1 7.225e-1
1.0e-1 8.5e-1 7.225e-1 7.225e-1
1.5e-1 8.5e-1 7.225e-1 7.225e-1
2.0e-1 8.5e-1 7.225e-1 7.225e-1
2.5e-1 8.5e-1 7.225e-1 7.225e-1
3.0e-1 8.5e-1 7.225e-1 7.225e-1
3.5e-1 8.5e-1 7.225e-1 7.225e-1
4.0e-1 8.5e-1 7.225e-1 7.225e-1
4.5e-1 8.5e-1 7.225e-1 7.225e-1
5.0e-1 8.5e-1 7.225e-1 7.225e-1
5.5e-1 8.5e-1 7.225e-1 7.225e-1
6.0e-1 8.5e-1 7.225e-1 7.225e-1
6.5e-1 8.5e-1 7.225e-1 7.225e-1
7.0e-1 8.5e-1 7.225e-1 7.225e-1
7.5e-1 8.5e-1 7.225e-1 7.225e-1
8.0e-1 8.5e-1 7.225e-1 7.225e-1
8.5e-1 8.5e-1 7.225e-1 7.225e-1
9.0e-1 8.5e-1 7.225e-1 7.225e-1
9.5e-1 8.5e-1 7.225e-1 7.225e-1
1.0e0 8.5e-1 7.225e-1 7.225e-1

-1.0e0 9.0e-1 8.1e-1 8.1e-1
-9.5e-1 9.0e-1 8.1e-1 8.1e-1
-9.0e-1 9.0e-1 8.1e-1 8.1e-1
-8.5e-1 9.0e-1 8.1e-1 8.1e-1
-8.0e-1 9.0e-1 8.1e-1 8.1e-1
-7.5e-1 9.0e-1 8.1e-1 8.1e-1
-7.0e-1 9.0e-1 8.1e-1 8.1e-1
-6.5e-1 9.0e-1 8.1e-1 8.1e-1
-6.0e-1 9.0e-1 8.1e-1 8.1e-1
-5.5e-1 9.0e-1 8.1e-1 8.1e-1
-5.0e-1 9.0e-1 8.1e-1 8.1e-1
-4.5e-1 9.0e-1 8.1e-1 8.1e-1
-4.0e-1 9.0e-1 8.1e-1 8.1e-1
-3.5e-1 9.0e-1 8.1e-1 8.1e-1
-3.0e-1 9.0e-1 8.1e-1 8.1e-1
-2.5e-1 9.0e-1 8.1e-1 8.1e-1
-2.0e-1 9.0e-1 8.1e-1 8.1e-1
-1.5e-1 9.0e-1 8.1e-1 8.1e-1
-1.0e-1 9.0e-1 8.1e-1 8.1e-1
-5.0e-2 9.0e-1 8.1e-1 8.1e-1
0.0e0 9.0e-1 8.1e-1 8.1e-1
5.0e-2 9.0e-1 8.1e-1 8.1e-1
1.0e-1 9.0e-1 8.1e-1 8.1e-1
1.5e-1 9.0e-1 8.1e-1 8.1e-1
2.0e-1 9.0e-1 8.1e-1 8.1e-1
2.5e-1 9.0e-1 8.1e-1 8.1e-1
3.0e-1 9.0e-1 8.1e-1 8.1e-1
3.5e-1 9.0e-1 8.1e-1 8.1e-1
4.0e-1 9.0e-1 8.1e-1 8.1e-1
4.5e-1 9.0e-1 8.1e-1 8.1e-1
5.0e-1 9.0e-1 8.1e-1 8.1e-1
5.5e-1 9.0e-1 8.1e-1 8.1e-1
6.0e-1 9.0e-1 8.1e-1 8.1e-1
6.5e-1 9.0e-1 8.1e-1 8.1e-1
7.0e-1 9.0e-1 8.1e-1 8.1e-1
7.5e-1 9.0e-1 8.1e-1 8.1e-1
8.0e-1 9.0e-1 8.1e-1 8.1e-1
8.5e-1 9.0e-1 8.1e-1 8.1e-1
9.0e-1 9.0e-1 8.1e-1 8.1e-1
9.5e-1 9.0e-1 8.1e-1 8.1e-1
1.0e0 9.0e-1 8.1e-1 8.1e-1

-1.0e0 9.5e-1 9.025e-1 9.025e-1
-9.5e-1 9.5e-1 9.025e-1 9.025e-1
-9.0e-1 9.5e-1 9.025e-1 9.025e-1
-8.5e-1 9.5e-1 9.025e-1 9.025e-1
-8.0e-1 9.5e-1 9.025e-1 9.025e-1
-7.5e-1 9.5e-1 9.025e-1 9.025e-1
-7.0e-1 9.5e-1 9.025e-1 9.025e-1
-6.5e-1 9.5e-1 9.025e-1 9.025e-1
-6.0e-1 9.5e-1 9.025e-1 9.025e-1
-5.5e-1 9.5e-1 9.025e-1 9.025e-1
-5.0e-1 9.5e-1 9.025e-1 9.025e-1
-4.5e-1 9.5e-1 9.025e-1 9.025e-1
-4.0e-1 9.5e-1 9.025e-1 9.025e-1
-3.5e-1 9.5e-1 9.025e-1 9.025e-1
-3.0e-1 9.5e-1 9.025e-1 9.025e-1
-2.5e-1 9.5e-1 9.025e-1 9.025e-1
-2.0e-1 9.5e-1 9.025e-1 9.025e-1
-1.5e-1 9.5e-1 9.025e-1 9.025e-1
-1.0e-1 9.5e-1 9.025e-1 9.025e-1
-5.0e-2 9.5e-1 9.025e-1 9.025e-1
0.0e0 9.5e-1 9.025e-1 9.025e-1
5.0e-2 9.5e-1 9.025e-1 9.025e-1
1.0e-1 9.5e-1 9.025e-1 9.025e-1
1.5e-1 9.5e-1 9.025e-1 9.025e-1
2.0e-1 9.5e-1 9.025e-1 9.025e-1
2.5e-1 9.5e-1 9.025e-1 9.025e-1
3.0e-1 9.5e-1 9.025e-1 9.025e-1
3.5e-1 9.5e-1 9.025e-1 9.025e-1
4.0e-1 9.5e-1 9.025e-1 9.025e-1
4.5e-1 9.5e-1 9.025e-1 9.025e-1
5.0e-1 9.5e-1 9.025e-1 9.025e-1
5.5e-1 9.5e-1 9.025e-1 9.025e-1
6.0e-1 9.5e-1 9.025e-1 9.025e-1
6.5e-1 9.5e-1 9.025e-1 9.025e-1
7.0e-1 9.5e-1 9.025e-1 9.025e-1
7.5e-1 9.5e-1 9.025e-1 9.025e-1
8.0e-1 9.5e-1 9.025e-1 9.025e-1
8.5e-1 9.5e-1 9.025e-1 9.025e-1
9.0e-1 9.5e-1 9.025e-1 9.025e-1
9.5e-1 9.5e-1 9.025e-1 9.025e-1
1.0e0 9.5e-1 9.025e-1 9.025e-1

-1.0e0 1.0e0 1.0e0 1.0e0
-9.5e-1 1.0e0 1.0e0 1.0e0
-9.0e-1 1.0e0 1.0e0 1.0e0
-8.5e-1 1.0e0 1.0e0 1.0e0
-8.0e-1 1.0e0 1.0e0 1.0e0
-7.5e-1 1.0e0 1.0e0 1.0e0
-7.0e-1 1.0e0 1.0e0 1.0e0
-6.5e-1 1.0e0 1.0e0 1.0e0
-6.0e-1 1.0e0 1.0e0 1.0e0
-5.5e-1 1.0e0 1.0e0 1.0e0
-5.0e-1 1.0e0 1.0e0 1.0e0
-4.5e-1 1.0e0 1.0e0 1.0e0
-4.0e-1 1.0e0 1.0e0 1.0e0
-3.5e-1 1.0e0 1.0e0 1.0e0
-3.0e-1 1.0e0 1.0e0 1.0e0
-2.5e-1 1.0e0 1.0e0 1.0e0
-2.0e-1 1.0e0 1.0e0 1.0e0
-1.5e-1 1.0e0 1.0e0 1.0e0
-1.0e-1 1.0e0 1.0e0 1.0e0
-5.0e-2 1.0e0 1.0e0 1.0e0
0.0e0 1.0e0 1.0e0 1.0e0
5.0e-2 1.0e0 1.0e0 1.0e0
1.0e-1 1.0e0 1.0e0 1.0e0
1.5e-1 1.0e0 1.0e0 1.0e0
2.0e-1 1.0e0 1.0e0 1.0e0
2.5e-1 1.0e0 1.0e0 1.0e0
3.0e-1 1.0e0 1.0e0 1.0e0
3.5e-1 1.0e0 1.0e0 1.0e0
4.0e-1 1.0e0 1.0e0 1.0e0
4.5e-1 1.0e0 1.0e0 1.0e0
5.0e-1 1.0e0 1.0e0 1.0e0
5.5e-1 1.0e0 1.0e0 1.0e0
6.0e-1 1.0e0 1.0e0 1.0e0
6.5e-1 1.0e0 1.0e0 1.0e0
7.0e-1 1.0e0 1.0e0 1.0e0
7.5e-1 1.0e0 1.0e0 1.0e0
8.0e-1 1.0e0 1.0e0 1.0e0
8.5e-1 1.0e0 1.0e0 1.0e0
9.0e-1 1.0e0 1.0e0 1.0e0
9.5e-1 1.0e0 1.0e0 1.0e0
1.0e0 1.0e0 1.0e0 1.0e0
