-7.0e0 -7.0e0 -4.16938205e-2 -4.16938205e-2
-6.65001e0 -7.0e0 -5.48759216e-2 -5.48759216e-2
-6.3000201e0 -7.0e0 -6.23770323e-2 -6.23770323e-2
-5.9500302e0 -7.0e0 -6.2399599e-2 -6.2399599e-2
-5.6000403e0 -7.0e0 -5.4172148e-2 -5.4172148e-2
-5.2500504e0 -7.0e0 -3.775129e-2 -3.775129e-2
-4.9000604e0 -7.0e0 -1.4476526e-2 -1.4476526e-2
-4.5500705e0 -7.0e0 1.3165933e-2 1.3165933e-2
-4.2000806e0 -7.0e0 4.18401e-2 4.18401e-2
-3.8500906e0 -7.0e0 6.7708084e-2 6.7708084e-2
-3.5001007e0 -7.0e0 8.6941536e-2 8.6941536e-2
-3.1501108e0 -7.0e0 9.6389542e-2 9.6389542e-2
-2.8001208e0 -7.0e0 9.3977191e-2 9.3977191e-2
-2.4501309e0 -7.0e0 7.9260664e-2 7.9260664e-2
-2.100141e0 -7.0e0 5.3385396e-2 5.3385396e-2
-1.750151e0 -7.0e0 1.9293027e-2 1.9293027e-2
-1.4001611e0 -7.0e0 -1.8719826e-2 -1.8719826e-2
-1.0501712e0 -7.0e0 -5.5691463e-2 -5.5691463e-2
-7.001813e-1 -7.0e0 -8.6525795e-2 -8.6525795e-2
-3.501913e-1 -7.0e0 -1.07021138e-1 -1.07021138e-1
-2.014e-4 -7.0e0 -1.14139651e-1 -1.14139651e-1
3.497885e-1 -7.0e0 -1.07035957e-1 -1.07035957e-1
6.997784e-1 -7.0e0 -8.6554099e-2 -8.6554099e-2
1.0497684e0 -7.0e0 -5.573289e-2 -5.573289e-2
1.3997583e0 -7.0e0 -1.8763924e-2 -1.8763924e-2
1.7497482e0 -7.0e0 1.924977e-2 1.924977e-2
2.0997382e0 -7.0e0 5.3349446e-2 5.3349446e-2
2.4497281e0 -7.0e0 7.923392e-2 7.923392e-2
2.799718e0 -7.0e0 9.3966234e-2 9.3966234e-2
3.149709e0 -7.0e0 9.6389542e-2 9.6389542e-2
3.499698e0 -7.0e0 8.695454e-2 8.695454e-2
3.849687e0 -7.0e0 6.773126e-2 6.773126e-2
4.199678e0 -7.0e0 4.187083e-2 4.187083e-2
4.549667e0 -7.0e0 1.3196892e-2 1.3196892e-2
4.899658e0 -7.0e0 -1.4446246e-2 -1.4446246e-2
5.249648e0 -7.0e0 -3.7726205e-2 -3.7726205e-2
5.599637e0 -7.0e0 -5.4153995e-2 -5.4153995e-2
5.949628e0 -7.0e0 -6.2458656e-2 -6.2458656e-2
6.299617e0 -7.0e0 -6.23811116e-2 -6.23811116e-2
6.649608e0 -7.0e0 -5.48890565e-2 -5.48890565e-2
6.999597e0 -7.0e0 -4.17108403e-2 -4.17108403e-2

-7.0e0 -6.65001e0 -2.41939761e-2 -2.41939761e-2
-6.65001e0 -6.65001e0 -3.18943306e-2 -3.18943306e-2
-6.3000201e0 -6.65001e0 -3.6292508e-2 -3.6292508e-2
-5.9500302e0 -6.65001e0 -3.6405849e-2 -3.6405849e-2
-5.6000403e0 -6.65001e0 -3.163084e-2 -3.163084e-2
-5.2500504e0 -6.65001e0 -2.2079552e-2 -2.2079552e-2
-4.9000604e0 -6.65001e0 -8.4848055e-3 -8.4848055e-3
-4.5500705e0 -6.65001e0 7.732036e-3 7.732036e-3
-4.2000806e0 -6.65001e0 2.4596686e-2 2.4596686e-2
-3.8500906e0 -6.65001e0 3.9872925e-2 3.9872925e-2
-3.5001007e0 -6.65001e0 5.132334e-2 5.132334e-2
-3.1501108e0 -6.65001e0 5.6958215e-2 5.6958215e-2
-2.8001208e0 -6.65001e0 5.5630792e-2 5.5630792e-2
-2.4501309e0 -6.65001e0 4.697013e-2 4.697013e-2
-2.100141e0 -6.65001e0 3.1678348e-2 3.1678348e-2
-1.750151e0 -6.65001e0 1.1466098e-2 1.1466098e-2
-1.4001611e0 -6.65001e0 -1.11325018e-2 -1.11325018e-2
-1.0501712e0 -6.65001e0 -3.315087e-2 -3.315087e-2
-7.001813e-1 -6.65001e0 -5.154294e-2 -5.154294e-2
-3.501913e-1 -6.65001e0 -6.374868e-2 -6.374868e-2
-2.014e-4 -6.65001e0 -6.8011142e-2 -6.8011142e-2
3.497885e-1 -6.65001e0 -6.3757516e-2 -6.3757516e-2
6.997784e-1 -6.65001e0 -5.1559773e-2 -5.1559773e-2
1.0497684e0 -6.65001e0 -3.317554e-2 -3.317554e-2
1.3997583e0 -6.65001e0 -1.1158734e-2 -1.1158734e-2
1.7497482e0 -6.65001e0 1.14403905e-2 1.14403905e-2
2.0997382e0 -6.65001e0 3.165702e-2 3.165702e-2
2.4497281e0 -6.65001e0 4.6954277e-2 4.6954277e-2
2.799718e0 -6.65001e0 5.5624312e-2 5.5624312e-2
3.149709e0 -6.65001e0 5.6997668e-2 5.6997668e-2
3.499698e0 -6.65001e0 5.1331012e-2 5.1331012e-2
3.849687e0 -6.65001e0 3.9886575e-2 3.9886575e-2
4.199678e0 -6.65001e0 2.4614748e-2 2.4614748e-2
4.549667e0 -6.65001e0 7.750224e-3 7.750224e-3
4.899658e0 -6.65001e0 -8.4670662e-3 -8.4670662e-3
5.249648e0 -6.65001e0 -2.2064896e-2 -2.2064896e-2
5.599637e0 -6.65001e0 -3.164807e-2 -3.164807e-2
5.949628e0 -6.65001e0 -3.6400455e-2 -3.6400455e-2
6.299617e0 -6.65001e0 -3.6292508e-2 -3.6292508e-2
6.649608e0 -6.65001e0 -3.19017e-2 -3.19017e-2
6.999597e0 -6.65001e0 -2.42042212e-2 -2.42042212e-2

-7.0e0 -6.3000201e0 -1.20485986e-3 -1.20485986e-3
-6.65001e0 -6.3000201e0 -1.5900224e-3 -1.5900224e-3
-6.3000201e0 -6.3000201e0 -1.8143388e-3 -1.8143388e-3
-5.9500302e0 -6.3000201e0 -1.8229373e-3 -1.8229373e-3
-5.6000403e0 -6.3000201e0 -1.5861598e-3 -1.5861598e-3
-5.2500504e0 -6.3000201e0 -1.10939142e-3 -1.10939142e-3
-4.9000604e0 -6.3000201e0 -4.2677081e-4 -4.2677081e-4
-4.5500705e0 -6.3000201e0 3.8979414e-4 3.8979414e-4
-4.2000806e0 -6.3000201e0 1.24260654e-3 1.24260654e-3
-3.8500906e0 -6.3000201e0 2.0182173e-3 2.0182173e-3
-3.5001007e0 -6.3000201e0 2.600883e-3 2.600883e-3
-3.1501108e0 -6.3000201e0 2.8935196e-3 2.8935196e-3
-2.8001208e0 -6.3000201e0 2.829592e-3 2.829592e-3
-2.4501309e0 -6.3000201e0 2.3922781e-3 2.3922781e-3
-2.100141e0 -6.3000201e0 1.61583725e-3 1.61583725e-3
-1.750151e0 -6.3000201e0 5.8553629e-4 5.8553629e-4
-1.4001611e0 -6.3000201e0 -5.692794e-4 -5.692794e-4
-1.0501712e0 -6.3000201e0 -1.69556142e-3 -1.69556142e-3
-7.001813e-1 -6.3000201e0 -2.6389743e-3 -2.6389743e-3
-3.501913e-1 -6.3000201e0 -3.2650386e-3 -3.2650386e-3
-2.014e-4 -6.3000201e0 -3.4845827e-3 -3.4845827e-3
3.497885e-1 -6.3000201e0 -3.2654893e-3 -3.2654893e-3
6.997784e-1 -6.3000201e0 -2.6398378e-3 -2.6398378e-3
1.0497684e0 -6.3000201e0 -1.69682303e-3 -1.69682303e-3
1.3997583e0 -6.3000201e0 -5.7062096e-4 -5.7062096e-4
1.7497482e0 -6.3000201e0 5.8422353e-4 5.8422353e-4
2.0997382e0 -6.3000201e0 1.61474927e-3 1.61474927e-3
2.4497281e0 -6.3000201e0 2.3914728e-3 2.3914728e-3
2.799718e0 -6.3000201e0 2.8292624e-3 2.8292624e-3
3.149709e0 -6.3000201e0 2.8935196e-3 2.8935196e-3
3.499698e0 -6.3000201e0 2.6012709e-3 2.6012709e-3
3.849687e0 -6.3000201e0 2.018909e-3 2.018909e-3
4.199678e0 -6.3000201e0 1.24351901e-3 1.24351901e-3
4.549667e0 -6.3000201e0 3.9071117e-4 3.9071117e-4
4.899658e0 -6.3000201e0 -4.2587874e-4 -4.2587874e-4
5.249648e0 -6.3000201e0 -1.1086547e-3 -1.1086547e-3
5.599637e0 -6.3000201e0 -1.5856277e-3 -1.5856277e-3
5.949628e0 -6.3000201e0 -1.822668e-3 -1.822668e-3
6.299617e0 -6.3000201e0 -1.8143388e-3 -1.8143388e-3
6.649608e0 -6.3000201e0 -1.5902788e-3 -1.5902788e-3
6.999597e0 -6.3000201e0 -1.20537431e-3 -1.20537431e-3

-7.0e0 -5.9500302e0 2.478019e-2 2.478019e-2
-6.65001e0 -5.9500302e0 3.279206e-2 3.279206e-2
-6.3000201e0 -5.9500302e0 3.7478586e-2 3.7478586e-2
-5.9500302e0 -5.9500302e0 3.7709056e-2 3.7709056e-2
-5.6000403e0 -5.9500302e0 3.287572e-2 3.287572e-2
-5.2500504e0 -5.9500302e0 2.3032443e-2 2.3032443e-2
-4.9000604e0 -5.9500302e0 8.8845164e-3 8.8845164e-3
-4.5500705e0 -5.9500302e0 -8.1238274e-3 -8.1238274e-3
-4.2000806e0 -5.9500302e0 -2.5956895e-2 -2.5956895e-2
-3.8500906e0 -5.9500302e0 -4.2221371e-2 -4.2221371e-2
-3.5001007e0 -5.9500302e0 -5.4519617e-2 -5.4519617e-2
-3.1501108e0 -5.9500302e0 -6.077041e-2 -6.077041e-2
-2.8001208e0 -5.9500302e0 -5.954324e-2 -5.954324e-2
-2.4501309e0 -5.9500302e0 -5.0412386e-2 -5.0412386e-2
-2.100141e0 -5.9500302e0 -3.4106088e-2 -3.4106088e-2
-1.750151e0 -5.9500302e0 -1.23753171e-2 -1.23753171e-2
-1.4001611e0 -5.9500302e0 1.20457509e-2 1.20457509e-2
-1.0501712e0 -5.9500302e0 3.5922151e-2 3.5922151e-2
-7.001813e-1 -5.9500302e0 5.593036e-2 5.593036e-2
-3.501913e-1 -5.9500302e0 6.9219041e-2 6.9219041e-2
-2.014e-4 -5.9500302e0 7.3890956e-2 7.3890956e-2
3.497885e-1 -5.9500302e0 6.9228635e-2 6.9228635e-2
6.997784e-1 -5.9500302e0 5.5948653e-2 5.5948653e-2
1.0497684e0 -5.9500302e0 3.5948872e-2 3.5948872e-2
1.3997583e0 -5.9500302e0 1.20741376e-2 1.20741376e-2
1.7497482e0 -5.9500302e0 -1.23475728e-2 -1.23475728e-2
2.0997382e0 -5.9500302e0 -3.4083113e-2 -3.4083113e-2
2.4497281e0 -5.9500302e0 -5.0395346e-2 -5.0395346e-2
2.799718e0 -5.9500302e0 -5.9536281e-2 -5.9536281e-2
3.149709e0 -5.9500302e0 -6.077041e-2 -6.077041e-2
3.499698e0 -5.9500302e0 -5.4527768e-2 -5.4527768e-2
3.849687e0 -5.9500302e0 -4.2235849e-2 -4.2235849e-2
4.199678e0 -5.9500302e0 -2.5975946e-2 -2.5975946e-2
4.549667e0 -5.9500302e0 -8.1429356e-3 -8.1429356e-3
4.899658e0 -5.9500302e0 8.8659416e-3 8.8659416e-3
5.249648e0 -5.9500302e0 2.3017146e-2 2.3017146e-2
5.599637e0 -5.9500302e0 3.2892598e-2 3.2892598e-2
5.949628e0 -5.9500302e0 3.770347e-2 3.770347e-2
6.299617e0 -5.9500302e0 3.7478586e-2 3.7478586e-2
6.649608e0 -5.9500302e0 3.279732e-2 3.279732e-2
6.999597e0 -5.9500302e0 2.4815865e-2 2.4815865e-2

-7.0e0 -5.6000403e0 5.0593776e-2 5.0593776e-2
-6.65001e0 -5.6000403e0 6.7004845e-2 6.7004845e-2
-6.3000201e0 -5.6000403e0 7.66931e-2 7.66931e-2
-5.9500302e0 -5.6000403e0 7.7316693e-2 7.7316693e-2
-5.6000403e0 -5.6000403e0 6.7615408e-2 6.7615408e-2
-5.2500504e0 -5.6000403e0 4.7429407e-2 4.7429407e-2
-4.9000604e0 -5.6000403e0 1.8324597e-2 1.8324597e-2
-4.5500705e0 -5.6000403e0 -1.67918e-2 -1.67918e-2
-4.2000806e0 -5.6000403e0 -5.3754077e-2 -5.3754077e-2
-3.8500906e0 -5.6000403e0 -8.7627527e-2 -8.7627527e-2
-3.5001007e0 -5.6000403e0 -1.13380373e-1 -1.13380373e-1
-3.1501108e0 -5.6000403e0 -1.26635815e-1 -1.26635815e-1
-2.8001208e0 -5.6000403e0 -1.24328792e-1 -1.24328792e-1
-2.4501309e0 -5.6000403e0 -1.0548022e-1 -1.0548022e-1
-2.100141e0 -5.6000403e0 -7.1470465e-2 -7.1470465e-2
-1.750151e0 -5.6000403e0 -2.5970088e-2 -2.5970088e-2
-1.4001611e0 -5.6000403e0 2.5318144e-2 2.5318144e-2
-1.0501712e0 -5.6000403e0 7.5553883e-2 7.5553883e-2
-7.001813e-1 -5.6000403e0 1.17756133e-1 1.17756133e-1
-3.501913e-1 -5.6000403e0 1.45826999e-1 1.45826999e-1
-2.014e-4 -5.6000403e0 1.55691142e-1 1.55691142e-1
3.497885e-1 -5.6000403e0 1.4584719e-1 1.4584719e-1
6.997784e-1 -5.6000403e0 1.17794623e-1 1.17794623e-1
1.0497684e0 -5.6000403e0 7.5610103e-2 7.5610103e-2
1.3997583e0 -5.6000403e0 2.5377805e-2 2.5377805e-2
1.7497482e0 -5.6000403e0 -2.5911877e-2 -2.5911877e-2
2.0997382e0 -5.6000403e0 -7.1422356e-2 -7.1422356e-2
2.4497281e0 -5.6000403e0 -1.054446e-1 -1.054446e-1
2.799718e0 -5.6000403e0 -1.24314278e-1 -1.24314278e-1
3.149709e0 -5.6000403e0 -1.26635815e-1 -1.26635815e-1
3.499698e0 -5.6000403e0 -1.13462355e-1 -1.13462355e-1
3.849687e0 -5.6000403e0 -8.771029e-2 -8.771029e-2
4.199678e0 -5.6000403e0 -5.3821426e-2 -5.3821426e-2
4.549667e0 -5.6000403e0 -1.683129e-2 -1.683129e-2
4.899658e0 -5.6000403e0 1.8286295e-2 1.8286295e-2
5.249648e0 -5.6000403e0 4.7397905e-2 4.7397905e-2
5.599637e0 -5.6000403e0 6.7592752e-2 6.7592752e-2
5.949628e0 -5.6000403e0 7.7370856e-2 7.7370856e-2
6.299617e0 -5.6000403e0 7.66931e-2 7.66931e-2
6.649608e0 -5.6000403e0 6.7074591e-2 6.7074591e-2
6.999597e0 -5.6000403e0 5.0611215e-2 5.0611215e-2

-7.0e0 -5.2500504e0 7.265521e-2 7.265521e-2
-6.65001e0 -5.2500504e0 9.6382892e-2 9.6382892e-2
-6.3000201e0 -5.2500504e0 1.1053711e-1 1.1053711e-1
-5.9500302e0 -5.2500504e0 1.11622612e-1 1.11622612e-1
-5.6000403e0 -5.2500504e0 9.7737642e-2 9.7737642e-2
-5.2500504e0 -5.2500504e0 6.8714243e-2 6.8714243e-2
-4.9000604e0 -5.2500504e0 2.660168e-2 2.660168e-2
-4.5500705e0 -5.2500504e0 -2.4431679e-2 -2.4431679e-2
-4.2000806e0 -5.2500504e0 -7.8399805e-2 -7.8399805e-2
-3.8500906e0 -5.2500504e0 -1.2810805e-1 -1.2810805e-1
-3.5001007e0 -5.2500504e0 -1.66103648e-1 -1.66103648e-1
-3.1501108e0 -5.2500504e0 -1.8588757e-1 -1.8588757e-1
-2.8001208e0 -5.2500504e0 -1.82846848e-1 -1.82846848e-1
-2.4501309e0 -5.2500504e0 -1.5543189e-1 -1.5543189e-1
-2.100141e0 -5.2500504e0 -1.05496484e-1 -1.05496484e-1
-1.750151e0 -5.2500504e0 -3.8416214e-2 -3.8416214e-2
-1.4001611e0 -5.2500504e0 3.7498802e-2 3.7498802e-2
-1.0501712e0 -5.2500504e0 1.12031468e-1 1.12031468e-1
-7.001813e-1 -5.2500504e0 1.74735706e-1 1.74735706e-1
-3.501913e-1 -5.2500504e0 2.16493488e-1 2.16493488e-1
-2.014e-4 -5.2500504e0 2.31160144e-1 2.31160144e-1
3.497885e-1 -5.2500504e0 2.16523462e-1 2.16523462e-1
6.997784e-1 -5.2500504e0 1.74792824e-1 1.74792824e-1
1.0497684e0 -5.2500504e0 1.12114821e-1 1.12114821e-1
1.3997583e0 -5.2500504e0 3.758717e-2 3.758717e-2
1.7497482e0 -5.2500504e0 -3.8330049e-2 -3.8330049e-2
2.0997382e0 -5.2500504e0 -1.0542544e-1 -1.0542544e-1
2.4497281e0 -5.2500504e0 -1.55379404e-1 -1.55379404e-1
2.799718e0 -5.2500504e0 -1.82825505e-1 -1.82825505e-1
3.149709e0 -5.2500504e0 -1.8588757e-1 -1.8588757e-1
3.499698e0 -5.2500504e0 -1.66128514e-1 -1.66128514e-1
3.849687e0 -5.2500504e0 -1.28151903e-1 -1.28151903e-1
4.199678e0 -5.2500504e0 -7.8457376e-2 -7.8457376e-2
4.549667e0 -5.2500504e0 -2.450166e-2 -2.450166e-2
4.899658e0 -5.2500504e0 2.6546072e-2 2.6546072e-2
5.249648e0 -5.2500504e0 6.871252e-2 6.871252e-2
5.599637e0 -5.2500504e0 9.7704865e-2 9.7704865e-2
5.949628e0 -5.2500504e0 1.11606096e-1 1.11606096e-1
6.299617e0 -5.2500504e0 1.1053711e-1 1.1053711e-1
6.649608e0 -5.2500504e0 9.6398373e-2 9.6398373e-2
6.999597e0 -5.2500504e0 7.2680243e-2 7.2680243e-2

-7.0e0 -4.9000604e0 8.7482202e-2 8.7482202e-2
-6.65001e0 -4.9000604e0 1.16297946e-1 1.16297946e-1
-6.3000201e0 -4.9000604e0 1.33517625e-1 1.33517625e-1
-5.9500302e0 -4.9000604e0 1.3519683e-1 1.3519683e-1
-5.6000403e0 -4.9000604e0 1.18568445e-1 1.18568445e-1
-5.2500504e0 -4.9000604e0 8.3527544e-2 8.3527544e-2
-4.9000604e0 -4.9000604e0 3.2407057e-2 3.2407057e-2
-4.5500705e0 -4.9000604e0 -2.9834738e-2 -2.9834738e-2
-4.2000806e0 -4.9000604e0 -9.593588e-2 -9.593588e-2
-3.8500906e0 -4.9000604e0 -1.57051518e-1 -1.57051518e-1
-3.5001007e0 -4.9000604e0 -2.0416035e-1 -2.0416035e-1
-3.1501108e0 -4.9000604e0 -2.29028275e-1 -2.29028275e-1
-2.8001208e0 -4.9000604e0 -2.25815959e-1 -2.25815959e-1
-2.4501309e0 -4.9000604e0 -1.9239939e-1 -1.9239939e-1
-2.100141e0 -4.9000604e0 -1.30839017e-1 -1.30839017e-1
-1.750151e0 -4.9000604e0 -4.7726744e-2 -4.7726744e-2
-1.4001611e0 -4.9000604e0 4.6660027e-2 4.6660027e-2
-1.0501712e0 -4.9000604e0 1.39637494e-1 1.39637494e-1
-7.001813e-1 -4.9000604e0 2.17980225e-1 2.17980225e-1
-3.501913e-1 -4.9000604e0 2.70239008e-1 2.70239008e-1
-2.014e-4 -4.9000604e0 2.88584126e-1 2.88584126e-1
3.497885e-1 -4.9000604e0 2.7027641e-1 2.7027641e-1
6.997784e-1 -4.9000604e0 2.18051462e-1 2.18051462e-1
1.0497684e0 -4.9000604e0 1.3974136e-1 1.3974136e-1
1.3997583e0 -4.9000604e0 4.6769987e-2 4.6769987e-2
1.7497482e0 -4.9000604e0 -4.7619734e-2 -4.7619734e-2
2.0997382e0 -4.9000604e0 -1.30750917e-1 -1.30750917e-1
2.4497281e0 -4.9000604e0 -1.92334444e-1 -1.92334444e-1
2.799718e0 -4.9000604e0 -2.25789604e-1 -2.25789604e-1
3.149709e0 -4.9000604e0 -2.29028275e-1 -2.29028275e-1
3.499698e0 -4.9000604e0 -2.04190897e-1 -2.04190897e-1
3.849687e0 -4.9000604e0 -1.5718739e-1 -1.5718739e-1
4.199678e0 -4.9000604e0 -9.6006346e-2 -9.6006346e-2
4.549667e0 -4.9000604e0 -2.9904912e-2 -2.9904912e-2
4.899658e0 -4.9000604e0 3.2339305e-2 3.2339305e-2
5.249648e0 -4.9000604e0 8.3472063e-2 8.3472063e-2
5.599637e0 -4.9000604e0 1.18528694e-1 1.18528694e-1
5.949628e0 -4.9000604e0 1.35176808e-1 1.35176808e-1
6.299617e0 -4.9000604e0 1.33517625e-1 1.33517625e-1
6.649608e0 -4.9000604e0 1.1631664e-1 1.1631664e-1
6.999597e0 -4.9000604e0 8.7512355e-2 8.7512355e-2

-7.0e0 -4.5500705e0 9.2265103e-2 9.2265103e-2
-6.65001e0 -4.5500705e0 1.22900713e-1 1.22900713e-1
-6.3000201e0 -4.5500705e0 1.41419632e-1 1.41419632e-1
-5.9500302e0 -4.5500705e0 1.4335863e-1 1.4335863e-1
-5.6000403e0 -4.5500705e0 1.25997597e-1 1.25997597e-1
-5.2500504e0 -4.5500705e0 8.8961948e-2 8.8961948e-2
-4.9000604e0 -4.5500705e0 3.4598137e-2 3.4598137e-2
-4.5500705e0 -4.5500705e0 -3.191276e-2 -3.191276e-2
-4.2000806e0 -4.5500705e0 -1.02858759e-1 -1.02858759e-1
-3.8500906e0 -4.5500705e0 -1.68847769e-1 -1.68847769e-1
-3.5001007e0 -4.5500705e0 -2.20048134e-1 -2.20048134e-1
-3.1501108e0 -4.5500705e0 -2.4742532e-1 -2.4742532e-1
-2.8001208e0 -4.5500705e0 -2.44591006e-1 -2.44591006e-1
-2.4501309e0 -4.5500705e0 -2.08854921e-1 -2.08854921e-1
-2.100141e0 -4.5500705e0 -1.42394858e-1 -1.42394858e-1
-1.750151e0 -4.5500705e0 -5.2046466e-2 -5.2046466e-2
-1.4001611e0 -4.5500705e0 5.09764e-2 5.09764e-2
-1.0501712e0 -4.5500705e0 1.52777135e-1 1.52777135e-1
-7.001813e-1 -4.5500705e0 2.38747083e-1 2.38747083e-1
-3.501913e-1 -4.5500705e0 2.9620338e-1 2.9620338e-1
-2.014e-4 -4.5500705e0 3.16427354e-1 3.16427354e-1
3.497885e-1 -4.5500705e0 2.96244388e-1 2.96244388e-1
6.997784e-1 -4.5500705e0 2.38825145e-1 2.38825145e-1
1.0497684e0 -4.5500705e0 1.52890788e-1 1.52890788e-1
1.3997583e0 -4.5500705e0 5.1096552e-2 5.1096552e-2
1.7497482e0 -4.5500705e0 -5.1929797e-2 -5.1929797e-2
2.0997382e0 -4.5500705e0 -1.42299014e-1 -1.42299014e-1
2.4497281e0 -4.5500705e0 -2.08784401e-1 -2.08784401e-1
2.799718e0 -4.5500705e0 -2.44562466e-1 -2.44562466e-1
3.149709e0 -4.5500705e0 -2.4742532e-1 -2.4742532e-1
3.499698e0 -4.5500705e0 -2.20081055e-1 -2.20081055e-1
3.849687e0 -4.5500705e0 -1.6890557e-1 -1.6890557e-1
4.199678e0 -4.5500705e0 -1.02977875e-1 -1.02977875e-1
4.549667e0 -4.5500705e0 -3.198785e-2 -3.198785e-2
4.899658e0 -4.5500705e0 3.4525784e-2 3.4525784e-2
5.249648e0 -4.5500705e0 8.8948317e-2 8.8948317e-2
5.599637e0 -4.5500705e0 1.2595537e-1 1.2595537e-1
5.949628e0 -4.5500705e0 1.43337401e-1 1.43337401e-1
6.299617e0 -4.5500705e0 1.41419632e-1 1.41419632e-1
6.649608e0 -4.5500705e0 1.2292048e-1 1.2292048e-1
6.999597e0 -4.5500705e0 9.2296915e-2 9.2296915e-2

-7.0e0 -4.2000806e0 8.5372823e-2 8.5372823e-2
-6.65001e0 -4.2000806e0 1.13835532e-1 1.13835532e-1
-6.3000201e0 -4.2000806e0 1.31264919e-1 1.31264919e-1
-5.9500302e0 -4.2000806e0 1.33369519e-1 1.33369519e-1
-5.6000403e0 -4.2000806e0 1.17440329e-1 1.17440329e-1
-5.2500504e0 -4.2000806e0 8.312023e-2 8.312023e-2
-4.9000604e0 -4.2000806e0 3.2393091e-2 3.2393091e-2
-4.5500705e0 -4.2000806e0 -2.9948975e-2 -2.9948975e-2
-4.2000806e0 -4.2000806e0 -9.6784161e-2 -9.6784161e-2
-3.8500906e0 -4.2000806e0 -1.59260222e-1 -1.59260222e-1
-3.5001007e0 -4.2000806e0 -2.0807591e-1 -2.0807591e-1
-3.1501108e0 -4.2000806e0 -2.34564232e-1 -2.34564232e-1
-2.8001208e0 -4.2000806e0 -2.32531493e-1 -2.32531493e-1
-2.4501309e0 -4.2000806e0 -1.99097939e-1 -1.99097939e-1
-2.100141e0 -4.2000806e0 -1.36062854e-1 -1.36062854e-1
-1.750151e0 -4.2000806e0 -4.9853188e-2 -4.9853188e-2
-1.4001611e0 -4.2000806e0 4.8930946e-2 4.8930946e-2
-1.0501712e0 -4.2000806e0 1.46903549e-1 1.46903549e-1
-7.001813e-1 -4.2000806e0 2.29918864e-1 2.29918864e-1
-3.501913e-1 -4.2000806e0 2.85449263e-1 2.85449263e-1
-2.014e-4 -4.2000806e0 3.05025981e-1 3.05025981e-1
3.497885e-1 -4.2000806e0 2.85488794e-1 2.85488794e-1
6.997784e-1 -4.2000806e0 2.2999403e-1 2.2999403e-1
1.0497684e0 -4.2000806e0 1.47012859e-1 1.47012859e-1
1.3997583e0 -4.2000806e0 4.9046239e-2 4.9046239e-2
1.7497482e0 -4.2000806e0 -4.9741434e-2 -4.9741434e-2
2.0997382e0 -4.2000806e0 -1.35971239e-1 -1.35971239e-1
2.4497281e0 -4.2000806e0 -1.99030737e-1 -1.99030737e-1
2.799718e0 -4.2000806e0 -2.32504358e-1 -2.32504358e-1
3.149709e0 -4.2000806e0 -2.34564232e-1 -2.34564232e-1
3.499698e0 -4.2000806e0 -2.08107033e-1 -2.08107033e-1
3.849687e0 -4.2000806e0 -1.5931475e-1 -1.5931475e-1
4.199678e0 -4.2000806e0 -9.6855235e-2 -9.6855235e-2
4.549667e0 -4.2000806e0 -3.0032127e-2 -3.0032127e-2
4.899658e0 -4.2000806e0 3.2325359e-2 3.2325359e-2
5.249648e0 -4.2000806e0 8.3065018e-2 8.3065018e-2
5.599637e0 -4.2000806e0 1.17461794e-1 1.17461794e-1
5.949628e0 -4.2000806e0 1.33349777e-1 1.33349777e-1
6.299617e0 -4.2000806e0 1.31264919e-1 1.31264919e-1
6.649608e0 -4.2000806e0 1.1394335e-1 1.1394335e-1
6.999597e0 -4.2000806e0 8.5402245e-2 8.5402245e-2

-7.0e0 -3.8500906e0 6.6580115e-2 6.6580115e-2
-6.65001e0 -3.8500906e0 8.8931752e-2 8.8931752e-2
-6.3000201e0 -3.8500906e0 1.02744887e-1 1.02744887e-1
-5.9500302e0 -3.8500906e0 1.04547498e-1 1.04547498e-1
-5.6000403e0 -3.8500906e0 9.2262192e-2 9.2262192e-2
-5.2500504e0 -3.8500906e0 6.5455402e-2 6.5455402e-2
-4.9000604e0 -3.8500906e0 2.5555861e-2 2.5555861e-2
-4.5500705e0 -3.8500906e0 -2.3692639e-2 -2.3692639e-2
-4.2000806e0 -3.8500906e0 -7.6751112e-2 -7.6751112e-2
-3.8500906e0 -3.8500906e0 -1.26652307e-1 -1.26652307e-1
-3.5001007e0 -3.8500906e0 -1.65934111e-1 -1.65934111e-1
-3.1501108e0 -3.8500906e0 -1.8761219e-1 -1.8761219e-1
-2.8001208e0 -3.8500906e0 -1.8653197e-1 -1.8653197e-1
-2.4501309e0 -3.8500906e0 -1.60158694e-1 -1.60158694e-1
-2.100141e0 -3.8500906e0 -1.09791359e-1 -1.09791359e-1
-1.750151e0 -3.8500906e0 -4.0329597e-2 -4.0329597e-2
-1.4001611e0 -3.8500906e0 3.9678877e-2 3.9678877e-2
-1.0501712e0 -3.8500906e0 1.19347531e-1 1.19347531e-1
-7.001813e-1 -3.8500906e0 1.87075385e-1 1.87075385e-1
-3.501913e-1 -3.8500906e0 2.3253719e-1 2.3253719e-1
-2.014e-4 -3.8500906e0 2.48544516e-1 2.48544516e-1
3.497885e-1 -3.8500906e0 2.32569354e-1 2.32569354e-1
6.997784e-1 -3.8500906e0 1.87136542e-1 1.87136542e-1
1.0497684e0 -3.8500906e0 1.19436325e-1 1.19436325e-1
1.3997583e0 -3.8500906e0 3.9772377e-2 3.9772377e-2
1.7497482e0 -3.8500906e0 -4.0239198e-2 -4.0239198e-2
2.0997382e0 -3.8500906e0 -1.09717422e-1 -1.09717422e-1
2.4497281e0 -3.8500906e0 -1.60104619e-1 -1.60104619e-1
2.799718e0 -3.8500906e0 -1.86510196e-1 -1.86510196e-1
3.149709e0 -3.8500906e0 -1.8761219e-1 -1.8761219e-1
3.499698e0 -3.8500906e0 -1.6595892e-1 -1.6595892e-1
3.849687e0 -3.8500906e0 -1.26745158e-1 -1.26745158e-1
4.199678e0 -3.8500906e0 -7.6807478e-2 -7.6807478e-2
4.549667e0 -3.8500906e0 -2.3748375e-2 -2.3748375e-2
4.899658e0 -3.8500906e0 2.5515761e-2 2.5515761e-2
5.249648e0 -3.8500906e0 6.5411938e-2 6.5411938e-2
5.599637e0 -3.8500906e0 9.2286752e-2 9.2286752e-2
5.949628e0 -3.8500906e0 1.04532034e-1 1.04532034e-1
6.299617e0 -3.8500906e0 1.02744887e-1 1.02744887e-1
6.649608e0 -3.8500906e0 8.8946028e-2 8.8946028e-2
6.999597e0 -3.8500906e0 6.6603084e-2 6.6603084e-2

-7.0e0 -3.5001007e0 3.7382114e-2 3.7382114e-2
-6.65001e0 -3.5001007e0 5.0052516e-2 5.0052516e-2
-6.3000201e0 -3.5001007e0 5.7895598e-2 5.7895598e-2
-5.9500302e0 -3.5001007e0 5.9029135e-2 5.9029135e-2
-5.6000403e0 -3.5001007e0 5.2197946e-2 5.2197946e-2
-5.2500504e0 -3.5001007e0 3.7109138e-2 3.7109138e-2
-4.9000604e0 -3.5001007e0 1.45262129e-2 1.45262129e-2
-4.5500705e0 -3.5001007e0 -1.35010701e-2 -1.35010701e-2
-4.2000806e0 -3.5001007e0 -4.3846152e-2 -4.3846152e-2
-3.8500906e0 -3.5001007e0 -7.255512e-2 -7.255512e-2
-3.5001007e0 -3.5001007e0 -9.5324948e-2 -9.5324948e-2
-3.1501108e0 -3.5001007e0 -1.08112817e-1 -1.08112817e-1
-2.8001208e0 -3.5001007e0 -1.07823447e-1 -1.07823447e-1
-2.4501309e0 -3.5001007e0 -9.2875392e-2 -9.2875392e-2
-2.100141e0 -3.5001007e0 -6.3860211e-2 -6.3860211e-2
-1.750151e0 -3.5001007e0 -2.35305719e-2 -2.35305719e-2
-1.4001611e0 -3.5001007e0 2.32187427e-2 2.32187427e-2
-1.0501712e0 -3.5001007e0 7.0009625e-2 7.0009625e-2
-7.001813e-1 -3.5001007e0 1.0994461e-1 1.0994461e-1
-3.501913e-1 -3.5001007e0 1.36796194e-1 1.36796194e-1
-2.014e-4 -3.5001007e0 1.46262941e-1 1.46262941e-1
3.497885e-1 -3.5001007e0 1.36815132e-1 1.36815132e-1
6.997784e-1 -3.5001007e0 1.09980565e-1 1.09980565e-1
1.0497684e0 -3.5001007e0 7.0061719e-2 7.0061719e-2
1.3997583e0 -3.5001007e0 2.32734618e-2 2.32734618e-2
1.7497482e0 -3.5001007e0 -2.34778143e-2 -2.34778143e-2
2.0997382e0 -3.5001007e0 -6.3817255e-2 -6.3817255e-2
2.4497281e0 -3.5001007e0 -9.2873753e-2 -9.2873753e-2
2.799718e0 -3.5001007e0 -1.07810904e-1 -1.07810904e-1
3.149709e0 -3.5001007e0 -1.08112817e-1 -1.08112817e-1
3.499698e0 -3.5001007e0 -9.5339204e-2 -9.5339204e-2
3.849687e0 -3.5001007e0 -7.2579971e-2 -7.2579971e-2
4.199678e0 -3.5001007e0 -4.3878365e-2 -4.3878365e-2
4.549667e0 -3.5001007e0 -1.3532829e-2 -1.3532829e-2
4.899658e0 -3.5001007e0 1.44958424e-2 1.44958424e-2
5.249648e0 -3.5001007e0 3.7084492e-2 3.7084492e-2
5.599637e0 -3.5001007e0 5.2210368e-2 5.2210368e-2
5.949628e0 -3.5001007e0 5.9020387e-2 5.9020387e-2
6.299617e0 -3.5001007e0 5.7895598e-2 5.7895598e-2
6.649608e0 -3.5001007e0 5.0060562e-2 5.0060562e-2
6.999597e0 -3.5001007e0 3.7394987e-2 3.7394987e-2

-7.0e0 -3.1501108e0 9.41362e-4 9.41362e-4
-6.65001e0 -3.1501108e0 1.26170448e-3 1.26170448e-3
-6.3000201e0 -3.1501108e0 1.46298993e-3 1.46298993e-3
-5.9500302e0 -3.1501108e0 1.49450026e-3 1.49450026e-3
-5.6000403e0 -3.1501108e0 1.32422705e-3 1.32422705e-3
-5.2500504e0 -3.1501108e0 9.4328305e-4 9.4328305e-4
-4.9000604e0 -3.1501108e0 3.7013527e-4 3.7013527e-4
-4.5500705e0 -3.1501108e0 -3.448141e-4 -3.448141e-4
-4.2000806e0 -3.1501108e0 -1.12269518e-3 -1.12269518e-3
-3.8500906e0 -3.1501108e0 -1.86330376e-3 -1.86330376e-3
-3.5001007e0 -3.1501108e0 -2.45565549e-3 -2.45565549e-3
-3.1501108e0 -3.1501108e0 -2.7942059e-3 -2.7942059e-3
-2.8001208e0 -3.1501108e0 -2.79578802e-3 -2.79578802e-3
-2.4501309e0 -3.1501108e0 -2.41725531e-3 -2.41725531e-3
-2.100141e0 -3.1501108e0 -1.66802461e-3 -1.66802461e-3
-1.750151e0 -3.1501108e0 -6.1676875e-4 -6.1676875e-4
-1.4001611e0 -3.1501108e0 6.1043951e-4 6.1043951e-4
-1.0501712e0 -3.1501108e0 1.84591957e-3 1.84591957e-3
-7.001813e-1 -3.1501108e0 2.90499141e-3 2.90499141e-3
-3.501913e-1 -3.1501108e0 3.61939233e-3 3.61939233e-3
-2.014e-4 -3.1501108e0 3.87290942e-3 3.87290942e-3
3.497885e-1 -3.1501108e0 3.62069225e-3 3.62069225e-3
6.997784e-1 -3.1501108e0 2.90594093e-3 2.90594093e-3
1.0497684e0 -3.1501108e0 1.84729236e-3 1.84729236e-3
1.3997583e0 -3.1501108e0 6.1187845e-4 6.1187845e-4
1.7497482e0 -3.1501108e0 -6.1538623e-4 -6.1538623e-4
2.0997382e0 -3.1501108e0 -1.66690158e-3 -1.66690158e-3
2.4497281e0 -3.1501108e0 -2.41643939e-3 -2.41643939e-3
2.799718e0 -3.1501108e0 -2.79618365e-3 -2.79618365e-3
3.149709e0 -3.1501108e0 -2.7942059e-3 -2.7942059e-3
3.499698e0 -3.1501108e0 -2.45602274e-3 -2.45602274e-3
3.849687e0 -3.1501108e0 -1.8639422e-3 -1.8639422e-3
4.199678e0 -3.1501108e0 -1.12351944e-3 -1.12351944e-3
4.549667e0 -3.1501108e0 -3.4562524e-4 -3.4562524e-4
4.899658e0 -3.1501108e0 3.6936113e-4 3.6936113e-4
5.249648e0 -3.1501108e0 9.4265685e-4 9.4265685e-4
5.599637e0 -3.1501108e0 1.32378282e-3 1.32378282e-3
5.949628e0 -3.1501108e0 1.4942788e-3 1.4942788e-3
6.299617e0 -3.1501108e0 1.46298993e-3 1.46298993e-3
6.649608e0 -3.1501108e0 1.26278142e-3 1.26278142e-3
6.999597e0 -3.1501108e0 9.4168642e-4 9.4168642e-4

-7.0e0 -2.8001208e0 -3.8325462e-2 -3.8325462e-2
-6.65001e0 -2.8001208e0 -5.1458246e-2 -5.1458246e-2
-6.3000201e0 -2.8001208e0 -5.9741656e-2 -5.9741656e-2
-5.9500302e0 -2.8001208e0 -6.114693e-2 -6.114693e-2
-5.6000403e0 -2.8001208e0 -5.4289487e-2 -5.4289487e-2
-5.2500504e0 -2.8001208e0 -3.8745172e-2 -3.8745172e-2
-4.9000604e0 -2.8001208e0 -1.5239267e-2 -1.5239267e-2
-4.5500705e0 -2.8001208e0 1.4233755e-2 1.4233755e-2
-4.2000806e0 -2.8001208e0 4.6475069e-2 4.6475069e-2
-3.8500906e0 -2.8001208e0 7.7359586e-2 7.7359586e-2
-3.5001007e0 -2.8001208e0 1.02268512e-1 1.02268512e-1
-3.1501108e0 -2.8001208e0 1.16746176e-1 1.16746176e-1
-2.8001208e0 -2.8001208e0 1.17267828e-1 1.17267828e-1
-2.4501309e0 -2.8001208e0 1.01773282e-1 1.01773282e-1
-2.100141e0 -2.8001208e0 7.048739e-2 7.048739e-2
-1.750151e0 -2.8001208e0 2.61679436e-2 2.61679436e-2
-1.4001611e0 -2.8001208e0 -2.5997875e-2 -2.5997875e-2
-1.0501712e0 -2.8001208e0 -7.887858e-2 -7.887858e-2
-7.001813e-1 -2.8001208e0 -1.24473245e-1 -1.24473245e-1
-3.501913e-1 -2.8001208e0 -1.55379805e-1 -1.55379805e-1
-2.014e-4 -2.8001208e0 -1.66323349e-1 -1.66323349e-1
3.497885e-1 -2.8001208e0 -1.5540129e-1 -1.5540129e-1
6.997784e-1 -2.8001208e0 -1.24513893e-1 -1.24513893e-1
1.0497684e0 -2.8001208e0 -7.893726e-2 -7.893726e-2
1.3997583e0 -2.8001208e0 -2.60591406e-2 -2.60591406e-2
1.7497482e0 -2.8001208e0 2.6109277e-2 2.6109277e-2
2.0997382e0 -2.8001208e0 7.045685e-2 7.045685e-2
2.4497281e0 -2.8001208e0 1.01738902e-1 1.01738902e-1
2.799718e0 -2.8001208e0 1.1725416e-1 1.1725416e-1
3.149709e0 -2.8001208e0 1.16776318e-1 1.16776318e-1
3.499698e0 -2.8001208e0 1.02283792e-1 1.02283792e-1
3.849687e0 -2.8001208e0 7.7386096e-2 7.7386096e-2
4.199678e0 -2.8001208e0 4.6509201e-2 4.6509201e-2
4.549667e0 -2.8001208e0 1.42672357e-2 1.42672357e-2
4.899658e0 -2.8001208e0 -1.52074059e-2 -1.52074059e-2
5.249648e0 -2.8001208e0 -3.8719417e-2 -3.8719417e-2
5.599637e0 -2.8001208e0 -5.4271304e-2 -5.4271304e-2
5.949628e0 -2.8001208e0 -6.1137877e-2 -6.1137877e-2
6.299617e0 -2.8001208e0 -5.9741656e-2 -5.9741656e-2
6.649608e0 -2.8001208e0 -5.146651e-2 -5.146651e-2
6.999597e0 -2.8001208e0 -3.833869e-2 -3.833869e-2

-7.0e0 -2.4501309e0 -7.5291284e-2 -7.5291284e-2
-6.65001e0 -2.4501309e0 -1.01200653e-1 -1.01200653e-1
-6.3000201e0 -2.4501309e0 -1.17648692e-1 -1.17648692e-1
-5.9500302e0 -2.4501309e0 -1.20587213e-1 -1.20587213e-1
-5.6000403e0 -2.4501309e0 -1.07284518e-1 -1.07284518e-1
-5.2500504e0 -2.4501309e0 -7.6717094e-2 -7.6717094e-2
-4.9000604e0 -2.4501309e0 -3.0243727e-2 -3.0243727e-2
-4.5500705e0 -2.4501309e0 2.8310379e-2 2.8310379e-2
-4.2000806e0 -2.4501309e0 9.2688751e-2 9.2688751e-2
-3.8500906e0 -2.4501309e0 1.5471531e-1 1.5471531e-1
-3.5001007e0 -2.4501309e0 2.05187576e-1 2.05187576e-1
-3.1501108e0 -2.4501309e0 2.35116301e-1 2.35116301e-1
-2.8001208e0 -2.4501309e0 2.37058537e-1 2.37058537e-1
-2.4501309e0 -2.4501309e0 2.06570576e-1 2.06570576e-1
-2.100141e0 -2.4501309e0 1.4372287e-1 1.4372287e-1
-1.750151e0 -2.4501309e0 5.3593602e-2 5.3593602e-2
-1.4001611e0 -2.4501309e0 -5.3480205e-2 -5.3480205e-2
-1.0501712e0 -2.4501309e0 -1.62889252e-1 -1.62889252e-1
-7.001813e-1 -2.4501309e0 -2.57895059e-1 -2.57895059e-1
-3.501913e-1 -2.4501309e0 -3.22650826e-1 -3.22650826e-1
-2.014e-4 -2.4501309e0 -3.45665929e-1 -3.45665929e-1
3.497885e-1 -2.4501309e0 -3.22695462e-1 -3.22695462e-1
6.997784e-1 -2.4501309e0 -2.58028064e-1 -2.58028064e-1
1.0497684e0 -2.4501309e0 -1.6304533e-1 -1.6304533e-1
1.3997583e0 -2.4501309e0 -5.3606166e-2 -5.3606166e-2
1.7497482e0 -2.4501309e0 5.3473457e-2 5.3473457e-2
2.0997382e0 -2.4501309e0 1.43626077e-1 1.43626077e-1
2.4497281e0 -2.4501309e0 2.06500879e-1 2.06500879e-1
2.799718e0 -2.4501309e0 2.370309e-1 2.370309e-1
3.149709e0 -2.4501309e0 2.35116301e-1 2.35116301e-1
3.499698e0 -2.4501309e0 2.05283948e-1 2.05283948e-1
3.849687e0 -2.4501309e0 1.54768314e-1 1.54768314e-1
4.199678e0 -2.4501309e0 9.2756812e-2 9.2756812e-2
4.549667e0 -2.4501309e0 2.8376958e-2 2.8376958e-2
4.899658e0 -2.4501309e0 -3.0180487e-2 -3.0180487e-2
5.249648e0 -2.4501309e0 -7.6666116e-2 -7.6666116e-2
5.599637e0 -2.4501309e0 -1.07248567e-1 -1.07248567e-1
5.949628e0 -2.4501309e0 -1.2056935e-1 -1.2056935e-1
6.299617e0 -2.4501309e0 -1.17648692e-1 -1.17648692e-1
6.649608e0 -2.4501309e0 -1.01216895e-1 -1.01216895e-1
6.999597e0 -2.4501309e0 -7.531724e-2 -7.531724e-2

-7.0e0 -2.100141e0 -1.04714352e-1 -1.04714352e-1
-6.65001e0 -2.100141e0 -1.4093569e-1 -1.4093569e-1
-6.3000201e0 -2.100141e0 -1.6408529e-1 -1.6408529e-1
-5.9500302e0 -2.100141e0 -1.68458362e-1 -1.68458362e-1
-5.6000403e0 -2.100141e0 -1.50103052e-1 -1.50103052e-1
-5.2500504e0 -2.100141e0 -1.07519371e-1 -1.07519371e-1
-4.9000604e0 -2.100141e0 -4.2468365e-2 -4.2468365e-2
-4.5500705e0 -2.100141e0 3.985583e-2 3.985583e-2
-4.2000806e0 -2.100141e0 1.30796594e-1 1.30796594e-1
-3.8500906e0 -2.100141e0 2.19001837e-1 2.19001837e-1
-3.5001007e0 -2.100141e0 2.91324925e-1 2.91324925e-1
-3.1501108e0 -2.100141e0 3.35011316e-1 3.35011316e-1
-2.8001208e0 -2.100141e0 3.39023846e-1 3.39023846e-1
-2.4501309e0 -2.100141e0 2.96771805e-1 2.96771805e-1
-2.100141e0 -2.100141e0 2.07451694e-1 2.07451694e-1
-1.750151e0 -2.100141e0 7.775278e-2 7.775278e-2
-1.4001611e0 -2.100141e0 -7.7975285e-2 -7.7975285e-2
-1.0501712e0 -2.100141e0 -2.3874083e-1 -2.3874083e-1
-7.001813e-1 -2.100141e0 -3.79593e-1 -3.79593e-1
-3.501913e-1 -2.100141e0 -4.7623014e-1 -4.7623014e-1
-2.014e-4 -2.100141e0 -5.10625587e-1 -5.10625587e-1
3.497885e-1 -2.100141e0 -4.7629611e-1 -4.7629611e-1
6.997784e-1 -2.100141e0 -3.79717088e-1 -3.79717088e-1
1.0497684e0 -2.100141e0 -2.38918436e-1 -2.38918436e-1
1.3997583e0 -2.100141e0 -7.8175189e-2 -7.8175189e-2
1.7497482e0 -2.100141e0 7.7578394e-2 7.7578394e-2
2.0997382e0 -2.100141e0 2.0731202e-1 2.0731202e-1
2.4497281e0 -2.100141e0 2.96671608e-1 2.96671608e-1
2.799718e0 -2.100141e0 3.39065671e-1 3.39065671e-1
3.149709e0 -2.100141e0 3.35011316e-1 3.35011316e-1
3.499698e0 -2.100141e0 2.91368488e-1 2.91368488e-1
3.849687e0 -2.100141e0 2.19076843e-1 2.19076843e-1
4.199678e0 -2.100141e0 1.30934956e-1 1.30934956e-1
4.549667e0 -2.100141e0 3.994958e-2 3.994958e-2
4.899658e0 -2.100141e0 -4.2379541e-2 -4.2379541e-2
5.249648e0 -2.100141e0 -1.0748772e-1 -1.0748772e-1
5.599637e0 -2.100141e0 -1.50052719e-1 -1.50052719e-1
5.949628e0 -2.100141e0 -1.68433432e-1 -1.68433432e-1
6.299617e0 -2.100141e0 -1.6408529e-1 -1.6408529e-1
6.649608e0 -2.100141e0 -1.40958325e-1 -1.40958325e-1
6.999597e0 -2.100141e0 -1.0475045e-1 -1.0475045e-1

-7.0e0 -1.750151e0 -1.22117177e-1 -1.22117177e-1
-6.65001e0 -1.750151e0 -1.64613806e-1 -1.64613806e-1
-6.3000201e0 -1.750151e0 -1.91874953e-1 -1.91874953e-1
-5.9500302e0 -1.750151e0 -1.97246638e-1 -1.97246638e-1
-5.6000403e0 -1.750151e0 -1.76006493e-1 -1.76006493e-1
-5.2500504e0 -1.750151e0 -1.2634426e-1 -1.2634426e-1
-4.9000604e0 -1.750151e0 -4.9989914e-2 -4.9989914e-2
-4.5500705e0 -1.750151e0 4.7009032e-2 4.7009032e-2
-4.2000806e0 -1.750151e0 1.54647328e-1 1.54647328e-1
-3.8500906e0 -1.750151e0 2.59594868e-1 2.59594868e-1
-3.5001007e0 -1.750151e0 3.46395334e-1 3.46395334e-1
-3.1501108e0 -1.750151e0 3.99734746e-1 3.99734746e-1
-2.8001208e0 -1.750151e0 4.061446e-1 4.061446e-1
-2.4501309e0 -1.750151e0 3.5711026e-1 3.5711026e-1
-2.100141e0 -1.750151e0 2.50904295e-1 2.50904295e-1
-1.750151e0 -1.750151e0 9.455338e-2 9.455338e-2
-1.4001611e0 -1.750151e0 -9.5408856e-2 -9.5408856e-2
-1.0501712e0 -1.750151e0 -2.93845596e-1 -2.93845596e-1
-7.001813e-1 -1.750151e0 -4.69755684e-1 -4.69755684e-1
-3.501913e-1 -1.750151e0 -5.9161782e-1 -5.9161782e-1
-2.014e-4 -1.750151e0 -6.35353587e-1 -6.35353587e-1
3.497885e-1 -1.750151e0 -5.91782889e-1 -5.91782889e-1
6.997784e-1 -1.750151e0 -4.69909254e-1 -4.69909254e-1
1.0497684e0 -1.750151e0 -2.94118079e-1 -2.94118079e-1
1.3997583e0 -1.750151e0 -9.5648776e-2 -9.5648776e-2
1.7497482e0 -1.750151e0 9.4341377e-2 9.4341377e-2
2.0997382e0 -1.750151e0 2.5073538e-1 2.5073538e-1
2.4497281e0 -1.750151e0 3.56989757e-1 3.56989757e-1
2.799718e0 -1.750151e0 4.06097272e-1 4.06097272e-1
3.149709e0 -1.750151e0 3.99734746e-1 3.99734746e-1
3.499698e0 -1.750151e0 3.46539291e-1 3.46539291e-1
3.849687e0 -1.750151e0 2.59683781e-1 2.59683781e-1
4.199678e0 -1.750151e0 1.54760892e-1 1.54760892e-1
4.549667e0 -1.750151e0 4.711961e-2 4.711961e-2
4.899658e0 -1.750151e0 -4.9885397e-2 -4.9885397e-2
5.249648e0 -1.750151e0 -1.26260353e-1 -1.26260353e-1
5.599637e0 -1.750151e0 -1.76016148e-1 -1.76016148e-1
5.949628e0 -1.750151e0 -1.97217441e-1 -1.97217441e-1
6.299617e0 -1.750151e0 -1.91874953e-1 -1.91874953e-1
6.649608e0 -1.750151e0 -1.64640251e-1 -1.64640251e-1
6.999597e0 -1.750151e0 -1.22159253e-1 -1.22159253e-1

-7.0e0 -1.4001611e0 -1.24683209e-1 -1.24683209e-1
-6.65001e0 -1.4001611e0 -1.68179651e-1 -1.68179651e-1
-6.3000201e0 -1.4001611e0 -1.96299806e-1 -1.96299806e-1
-5.9500302e0 -1.4001611e0 -2.02030617e-1 -2.02030617e-1
-5.6000403e0 -1.4001611e0 -1.80558287e-1 -1.80558287e-1
-5.2500504e0 -1.4001611e0 -1.29774231e-1 -1.29774231e-1
-4.9000604e0 -1.4001611e0 -5.1427509e-2 -5.1427509e-2
-4.5500705e0 -1.4001611e0 4.8449506e-2 4.8449506e-2
-4.2000806e0 -1.4001611e0 1.59721346e-1 1.59721346e-1
-3.8500906e0 -1.4001611e0 2.68758063e-1 2.68758063e-1
-3.5001007e0 -1.4001611e0 3.596735e-1 3.596735e-1
-3.1501108e0 -1.4001611e0 4.16315161e-1 4.16315161e-1
-2.8001208e0 -1.4001611e0 4.2459906e-1 4.2459906e-1
-2.4501309e0 -1.4001611e0 3.74983408e-1 3.74983408e-1
-2.100141e0 -1.4001611e0 2.64776659e-1 2.64776659e-1
-1.750151e0 -1.4001611e0 1.00396571e-1 1.00396571e-1
-1.4001611e0 -1.4001611e0 -1.02014404e-1 -1.02014404e-1
-1.0501712e0 -1.4001611e0 -3.16513062e-1 -3.16513062e-1
-7.001813e-1 -1.4001611e0 -5.09598993e-1 -5.09598993e-1
-3.501913e-1 -1.4001611e0 -6.45402928e-1 -6.45402928e-1
-2.014e-4 -1.4001611e0 -6.94484845e-1 -6.94484845e-1
3.497885e-1 -1.4001611e0 -6.454923e-1 -6.454923e-1
6.997784e-1 -1.4001611e0 -5.09848468e-1 -5.09848468e-1
1.0497684e0 -1.4001611e0 -3.16748557e-1 -3.16748557e-1
1.3997583e0 -1.4001611e0 -1.02254724e-1 -1.02254724e-1
1.7497482e0 -1.4001611e0 1.00187254e-1 1.00187254e-1
2.0997382e0 -1.4001611e0 2.6465306e-1 2.6465306e-1
2.4497281e0 -1.4001611e0 3.74856842e-1 3.74856842e-1
2.799718e0 -1.4001611e0 4.24549586e-1 4.24549586e-1
3.149709e0 -1.4001611e0 4.16315161e-1 4.16315161e-1
3.499698e0 -1.4001611e0 3.59727267e-1 3.59727267e-1
3.849687e0 -1.4001611e0 2.68850082e-1 2.68850082e-1
4.199678e0 -1.4001611e0 1.59838657e-1 1.59838657e-1
4.549667e0 -1.4001611e0 4.8563483e-2 4.8563483e-2
4.899658e0 -1.4001611e0 -5.1320023e-2 -5.1320023e-2
5.249648e0 -1.4001611e0 -1.29688062e-1 -1.29688062e-1
5.599637e0 -1.4001611e0 -1.8049776e-1 -1.8049776e-1
5.949628e0 -1.4001611e0 -2.02000691e-1 -2.02000691e-1
6.299617e0 -1.4001611e0 -1.96299806e-1 -1.96299806e-1
6.649608e0 -1.4001611e0 -1.68307901e-1 -1.68307901e-1
6.999597e0 -1.4001611e0 -1.24726181e-1 -1.24726181e-1

-7.0e0 -1.0501712e0 -1.11458577e-1 -1.11458577e-1
-6.65001e0 -1.0501712e0 -1.50485394e-1 -1.50485394e-1
-6.3000201e0 -1.0501712e0 -1.75681755e-1 -1.75681755e-1
-5.9500302e0 -1.0501712e0 -1.81035756e-1 -1.81035756e-1
-5.6000403e0 -1.0501712e0 -1.61905183e-1 -1.61905183e-1
-5.2500504e0 -1.0501712e0 -1.16501076e-1 -1.16501076e-1
-4.9000604e0 -1.0501712e0 -4.6245668e-2 -4.6245668e-2
-4.5500705e0 -1.0501712e0 4.3631218e-2 4.3631218e-2
-4.2000806e0 -1.0501712e0 1.44088853e-1 1.44088853e-1
-3.8500906e0 -1.0501712e0 2.4290371e-1 2.4290371e-1
-3.5001007e0 -1.0501712e0 3.25871364e-1 3.25871364e-1
-3.1501108e0 -1.0501712e0 3.7827776e-1 3.7827776e-1
-2.8001208e0 -1.0501712e0 3.87096172e-1 3.87096172e-1
-2.4501309e0 -1.0501712e0 3.43186508e-1 3.43186508e-1
-2.100141e0 -1.0501712e0 2.43594661e-1 2.43594661e-1
-1.750151e0 -1.0501712e0 9.2911172e-2 9.2911172e-2
-1.4001611e0 -1.0501712e0 -9.5106526e-2 -9.5106526e-2
-1.0501712e0 -1.0501712e0 -2.97701073e-1 -2.97701073e-1
-7.001813e-1 -1.0501712e0 -4.83968996e-1 -4.83968996e-1
-3.501913e-1 -1.0501712e0 -6.17939658e-1 -6.17939658e-1
-2.014e-4 -1.0501712e0 -6.67312982e-1 -6.67312982e-1
3.497885e-1 -1.0501712e0 -6.18106747e-1 -6.18106747e-1
6.997784e-1 -1.0501712e0 -4.84127187e-1 -4.84127187e-1
1.0497684e0 -1.0501712e0 -2.97965736e-1 -2.97965736e-1
1.3997583e0 -1.0501712e0 -9.5343982e-2 -9.5343982e-2
1.7497482e0 -1.0501712e0 9.2719818e-2 9.2719818e-2
2.0997382e0 -1.0501712e0 2.43430632e-1 2.43430632e-1
2.4497281e0 -1.0501712e0 3.43144162e-1 3.43144162e-1
2.799718e0 -1.0501712e0 3.87051006e-1 3.87051006e-1
3.149709e0 -1.0501712e0 3.7827776e-1 3.7827776e-1
3.499698e0 -1.0501712e0 3.25920091e-1 3.25920091e-1
3.849687e0 -1.0501712e0 2.43059366e-1 2.43059366e-1
4.199678e0 -1.0501712e0 1.44194699e-1 1.44194699e-1
4.549667e0 -1.0501712e0 4.3733853e-2 4.3733853e-2
4.899658e0 -1.0501712e0 -4.6148996e-2 -4.6148996e-2
5.249648e0 -1.0501712e0 -1.16423685e-1 -1.16423685e-1
5.599637e0 -1.0501712e0 -1.61918129e-1 -1.61918129e-1
5.949628e0 -1.0501712e0 -1.81008968e-1 -1.81008968e-1
6.299617e0 -1.0501712e0 -1.75681755e-1 -1.75681755e-1
6.649608e0 -1.0501712e0 -1.50509583e-1 -1.50509583e-1
6.999597e0 -1.0501712e0 -1.11497014e-1 -1.11497014e-1

-7.0e0 -7.001813e-1 -8.3664037e-2 -8.3664037e-2
-6.65001e0 -7.001813e-1 -1.13041232e-1 -1.13041232e-1
-6.3000201e0 -7.001813e-1 -1.32104189e-1 -1.32104189e-1
-5.9500302e0 -7.001813e-1 -1.36181471e-1 -1.36181471e-1
-5.6000403e0 -7.001813e-1 -1.21914612e-1 -1.21914612e-1
-5.2500504e0 -7.001813e-1 -8.7788934e-2 -8.7788934e-2
-4.9000604e0 -7.001813e-1 -3.487827e-2 -3.487827e-2
-4.5500705e0 -7.001813e-1 3.2941638e-2 3.2941638e-2
-4.2000806e0 -7.001813e-1 1.08953462e-1 1.08953462e-1
-3.8500906e0 -7.001813e-1 1.83952507e-1 1.83952507e-1
-3.5001007e0 -7.001813e-1 2.47246785e-1 2.47246785e-1
-3.1501108e0 -7.001813e-1 2.87614801e-1 2.87614801e-1
-2.8001208e0 -7.001813e-1 2.95123598e-1 2.95123598e-1
-2.4501309e0 -7.001813e-1 2.6251197e-1 2.6251197e-1
-2.100141e0 -7.001813e-1 1.8712322e-1 1.8712322e-1
-1.750151e0 -7.001813e-1 7.1761095e-2 7.1761095e-2
-1.4001611e0 -7.001813e-1 -7.3980219e-2 -7.3980219e-2
-1.0501712e0 -7.001813e-1 -2.338222e-1 -2.338222e-1
-7.001813e-1 -7.001813e-1 -3.84766405e-1 -3.84766405e-1
-3.501913e-1 -7.001813e-1 -4.97736304e-1 -4.97736304e-1
-2.014e-4 -7.001813e-1 -5.40985521e-1 -5.40985521e-1
3.497885e-1 -7.001813e-1 -4.9787179e-1 -4.9787179e-1
6.997784e-1 -7.001813e-1 -3.8489223e-1 -3.8489223e-1
1.0497684e0 -7.001813e-1 -2.33996198e-1 -2.33996198e-1
1.3997583e0 -7.001813e-1 -7.4166565e-2 -7.4166565e-2
1.7497482e0 -7.001813e-1 7.1612805e-2 7.1612805e-2
2.0997382e0 -7.001813e-1 1.86997198e-1 1.86997198e-1
2.4497281e0 -7.001813e-1 2.62472943e-1 2.62472943e-1
2.799718e0 -7.001813e-1 2.9508918e-1 2.9508918e-1
3.149709e0 -7.001813e-1 2.87614801e-1 2.87614801e-1
3.499698e0 -7.001813e-1 2.47283801e-1 2.47283801e-1
3.849687e0 -7.001813e-1 1.84064415e-1 1.84064415e-1
4.199678e0 -7.001813e-1 1.09033472e-1 1.09033472e-1
4.549667e0 -7.001813e-1 3.3028517e-2 3.3028517e-2
4.899658e0 -7.001813e-1 -3.4805348e-2 -3.4805348e-2
5.249648e0 -7.001813e-1 -8.7730638e-2 -8.7730638e-2
5.599637e0 -7.001813e-1 -1.21873738e-1 -1.21873738e-1
5.949628e0 -7.001813e-1 -1.36161304e-1 -1.36161304e-1
6.299617e0 -7.001813e-1 -1.32104189e-1 -1.32104189e-1
6.649608e0 -7.001813e-1 -1.13059386e-1 -1.13059386e-1
6.999597e0 -7.001813e-1 -8.3741432e-2 -8.3741432e-2

-7.0e0 -3.501913e-1 -4.4854112e-2 -4.4854112e-2
-6.65001e0 -3.501913e-1 -6.0600822e-2 -6.0600822e-2
-6.3000201e0 -3.501913e-1 -7.0845015e-2 -7.0845015e-2
-5.9500302e0 -3.501913e-1 -7.3052565e-2 -7.3052565e-2
-5.6000403e0 -3.501913e-1 -6.5440968e-2 -6.5440968e-2
-5.2500504e0 -3.501913e-1 -4.714575e-2 -4.714575e-2
-4.9000604e0 -3.501913e-1 -1.87424025e-2 -1.87424025e-2
-4.5500705e0 -3.501913e-1 1.77148238e-2 1.77148238e-2
-4.2000806e0 -3.501913e-1 5.8632033e-2 5.8632033e-2
-3.8500906e0 -3.501913e-1 9.9110823e-2 9.9110823e-2
-3.5001007e0 -3.501913e-1 1.33343002e-1 1.33343002e-1
-3.1501108e0 -3.501913e-1 1.55325125e-1 1.55325125e-1
-2.8001208e0 -3.501913e-1 1.59684312e-1 1.59684312e-1
-2.4501309e0 -3.501913e-1 1.42356955e-1 1.42356955e-1
-2.100141e0 -3.501913e-1 1.01757433e-1 1.01757433e-1
-1.750151e0 -3.501913e-1 3.9174003e-2 3.9174003e-2
-1.4001611e0 -3.501913e-1 -4.0612299e-2 -4.0612299e-2
-1.0501712e0 -3.501913e-1 -1.29405873e-1 -1.29405873e-1
-7.001813e-1 -3.501913e-1 -2.15744102e-1 -2.15744102e-1
-3.501913e-1 -3.501913e-1 -2.8476037e-1 -2.8476037e-1
-2.014e-4 -3.501913e-1 -3.14346457e-1 -3.14346457e-1
3.497885e-1 -3.501913e-1 -2.84828758e-1 -2.84828758e-1
6.997784e-1 -3.501913e-1 -2.15843498e-1 -2.15843498e-1
1.0497684e0 -3.501913e-1 -1.29519244e-1 -1.29519244e-1
1.3997583e0 -3.501913e-1 -4.07080014e-2 -4.07080014e-2
1.7497482e0 -3.501913e-1 3.90916667e-2 3.90916667e-2
2.0997382e0 -3.501913e-1 1.01688863e-1 1.01688863e-1
2.4497281e0 -3.501913e-1 1.42332648e-1 1.42332648e-1
2.799718e0 -3.501913e-1 1.59665694e-1 1.59665694e-1
3.149709e0 -3.501913e-1 1.5535941e-1 1.5535941e-1
3.499698e0 -3.501913e-1 1.33391878e-1 1.33391878e-1
3.849687e0 -3.501913e-1 9.9144786e-2 9.9144786e-2
4.199678e0 -3.501913e-1 5.8690225e-2 5.8690225e-2
4.549667e0 -3.501913e-1 1.7762603e-2 1.7762603e-2
4.899658e0 -3.501913e-1 -1.8703221e-2 -1.8703221e-2
5.249648e0 -3.501913e-1 -4.7132011e-2 -4.7132011e-2
5.599637e0 -3.501913e-1 -6.541905e-2 -6.541905e-2
5.949628e0 -3.501913e-1 -7.3041733e-2 -7.3041733e-2
6.299617e0 -3.501913e-1 -7.0845015e-2 -7.0845015e-2
6.649608e0 -3.501913e-1 -6.0610582e-2 -6.0610582e-2
6.999597e0 -3.501913e-1 -4.4869592e-2 -4.4869592e-2

-7.0e0 -2.014e-4 -2.6196165e-5 -2.6196165e-5
-6.65001e0 -2.014e-4 -3.5404288e-5 -3.5404288e-5
-6.3000201e0 -2.014e-4 -4.140378e-5 -4.140378e-5
-5.9500302e0 -2.014e-4 -4.270409e-5 -4.270409e-5
-5.6000403e0 -2.014e-4 -3.8259926e-5 -3.8259926e-5
-5.2500504e0 -2.014e-4 -2.7566347e-5 -2.7566347e-5
-4.9000604e0 -2.014e-4 -1.09601874e-5 -1.09601874e-5
-4.5500705e0 -2.014e-4 1.03630858e-5 1.03630858e-5
-4.2000806e0 -2.014e-4 3.43092448e-5 3.43092448e-5
-3.8500906e0 -2.014e-4 5.8009784e-5 5.8009784e-5
-3.5001007e0 -2.014e-4 7.8072656e-5 7.8072656e-5
-3.1501108e0 -2.014e-4 9.1014711e-5 9.1014711e-5
-2.8001208e0 -2.014e-4 9.3602867e-5 9.3602867e-5
-2.4501309e0 -2.014e-4 8.3516191e-5 8.3516191e-5
-2.100141e0 -2.014e-4 5.9747528e-5 5.9747528e-5
-1.750151e0 -2.014e-4 2.30377725e-5 2.30377725e-5
-1.4001611e0 -2.014e-4 -2.39308253e-5 -2.39308253e-5
-1.0501712e0 -2.014e-4 -7.65254405e-5 -7.65254405e-5
-7.001813e-1 -2.014e-4 -1.28408487e-4 -1.28408487e-4
-3.501913e-1 -2.014e-4 -1.72138022e-4 -1.72138022e-4
-2.014e-4 -2.014e-4 -2.000241e-4 -2.000241e-4
3.497885e-1 -2.014e-4 -1.72178847e-4 -1.72178847e-4
6.997784e-1 -2.014e-4 -1.2846413e-4 -1.2846413e-4
1.0497684e0 -2.014e-4 -7.65933228e-5 -7.65933228e-5
1.3997583e0 -2.014e-4 -2.39906198e-5 -2.39906198e-5
1.7497482e0 -2.014e-4 2.29893259e-5 2.29893259e-5
2.0997382e0 -2.014e-4 5.9718369e-5 5.9718369e-5
2.4497281e0 -2.014e-4 8.3487982e-5 8.3487982e-5
2.799718e0 -2.014e-4 9.3591953e-5 9.3591953e-5
3.149709e0 -2.014e-4 9.1014711e-5 9.1014711e-5
3.499698e0 -2.014e-4 7.8103046e-5 7.8103046e-5
3.849687e0 -2.014e-4 5.802966e-5 5.802966e-5
4.199678e0 -2.014e-4 3.43344403e-5 3.43344403e-5
4.549667e0 -2.014e-4 1.03874622e-5 1.03874622e-5
4.899658e0 -2.014e-4 -1.09413637e-5 -1.09413637e-5
5.249648e0 -2.014e-4 -2.754803e-5 -2.754803e-5
5.599637e0 -2.014e-4 -3.8247092e-5 -3.8247092e-5
5.949628e0 -2.014e-4 -4.269778e-5 -4.269778e-5
6.299617e0 -2.014e-4 -4.140378e-5 -4.140378e-5
6.649608e0 -2.014e-4 -3.5428621e-5 -3.5428621e-5
6.999597e0 -2.014e-4 -2.6218759e-5 -2.6218759e-5

-7.0e0 3.497885e-1 4.480706e-2 4.480706e-2
-6.65001e0 3.497885e-1 6.0537238e-2 6.0537238e-2
-6.3000201e0 3.497885e-1 7.077067e-2 7.077067e-2
-5.9500302e0 3.497885e-1 7.2975922e-2 7.2975922e-2
-5.6000403e0 3.497885e-1 6.5372325e-2 6.5372325e-2
-5.2500504e0 3.497885e-1 4.7096284e-2 4.7096284e-2
-4.9000604e0 3.497885e-1 1.87227403e-2 1.87227403e-2
-4.5500705e0 3.497885e-1 -1.76962361e-2 -1.76962361e-2
-4.2000806e0 3.497885e-1 -5.8570529e-2 -5.8570529e-2
-3.8500906e0 3.497885e-1 -9.9006844e-2 -9.9006844e-2
-3.5001007e0 3.497885e-1 -1.33203087e-1 -1.33203087e-1
-3.1501108e0 3.497885e-1 -1.55196387e-1 -1.55196387e-1
-2.8001208e0 3.497885e-1 -1.59516739e-1 -1.59516739e-1
-2.4501309e0 3.497885e-1 -1.42207591e-1 -1.42207591e-1
-2.100141e0 3.497885e-1 -1.01650587e-1 -1.01650587e-1
-1.750151e0 3.497885e-1 -3.9138403e-2 -3.9138403e-2
-1.4001611e0 3.497885e-1 4.05696773e-2 4.05696773e-2
-1.0501712e0 3.497885e-1 1.29287196e-1 1.29287196e-1
-7.001813e-1 3.497885e-1 2.15546556e-1 2.15546556e-1
-3.501913e-1 3.497885e-1 2.84490536e-1 2.84490536e-1
-2.014e-4 3.497885e-1 3.14047475e-1 3.14047475e-1
3.497885e-1 3.497885e-1 2.84565334e-1 2.84565334e-1
6.997784e-1 3.497885e-1 2.1561709e-1 2.1561709e-1
1.0497684e0 3.497885e-1 1.29383371e-1 1.29383371e-1
1.3997583e0 3.497885e-1 4.06705254e-2 4.06705254e-2
1.7497482e0 3.497885e-1 -3.90506554e-2 -3.90506554e-2
2.0997382e0 3.497885e-1 -1.01582196e-1 -1.01582196e-1
2.4497281e0 3.497885e-1 -1.4218334e-1 -1.4218334e-1
2.799718e0 3.497885e-1 -1.5949812e-1 -1.5949812e-1
3.149709e0 3.497885e-1 -1.55196387e-1 -1.55196387e-1
3.499698e0 3.497885e-1 -1.33251932e-1 -1.33251932e-1
3.849687e0 3.497885e-1 -9.9040749e-2 -9.9040749e-2
4.199678e0 3.497885e-1 -5.8628651e-2 -5.8628651e-2
4.549667e0 3.497885e-1 -1.77439651e-2 -1.77439651e-2
4.899658e0 3.497885e-1 1.86906133e-2 1.86906133e-2
5.249648e0 3.497885e-1 4.7082527e-2 4.7082527e-2
5.599637e0 3.497885e-1 6.5350407e-2 6.5350407e-2
5.949628e0 3.497885e-1 7.3000749e-2 7.3000749e-2
6.299617e0 3.497885e-1 7.077067e-2 7.077067e-2
6.649608e0 3.497885e-1 6.0546968e-2 6.0546968e-2
6.999597e0 3.497885e-1 4.4822514e-2 4.4822514e-2

-7.0e0 6.997784e-1 8.3622487e-2 8.3622487e-2
-6.65001e0 6.997784e-1 1.12985083e-1 1.12985083e-1
-6.3000201e0 6.997784e-1 1.32038577e-1 1.32038577e-1
-5.9500302e0 6.997784e-1 1.36113834e-1 1.36113834e-1
-5.6000403e0 6.997784e-1 1.21854083e-1 1.21854083e-1
-5.2500504e0 6.997784e-1 8.7745334e-2 8.7745334e-2
-4.9000604e0 6.997784e-1 3.4860915e-2 3.4860915e-2
-4.5500705e0 6.997784e-1 -3.2925273e-2 -3.2925273e-2
-4.2000806e0 6.997784e-1 -1.0889935e-1 -1.0889935e-1
-3.8500906e0 6.997784e-1 -1.83861174e-1 -1.83861174e-1
-3.5001007e0 6.997784e-1 -2.4712404e-1 -2.4712404e-1
-3.1501108e0 6.997784e-1 -2.87472032e-1 -2.87472032e-1
-2.8001208e0 6.997784e-1 -2.94977103e-1 -2.94977103e-1
-2.4501309e0 6.997784e-1 -2.62431209e-1 -2.62431209e-1
-2.100141e0 6.997784e-1 -1.87030283e-1 -1.87030283e-1
-1.750151e0 6.997784e-1 -7.1725465e-2 -7.1725465e-2
-1.4001611e0 6.997784e-1 7.3955513e-2 7.3955513e-2
-1.0501712e0 6.997784e-1 2.33706088e-1 2.33706088e-1
-7.001813e-1 6.997784e-1 3.84575403e-1 3.84575403e-1
-3.501913e-1 6.997784e-1 4.97555646e-1 4.97555646e-1
-2.014e-4 6.997784e-1 5.40774748e-1 5.40774748e-1
3.497885e-1 6.997784e-1 4.97624548e-1 4.97624548e-1
6.997784e-1 6.997784e-1 3.84750423e-1 3.84750423e-1
1.0497684e0 6.997784e-1 2.33915244e-1 2.33915244e-1
1.3997583e0 6.997784e-1 7.4129825e-2 7.4129825e-2
1.7497482e0 6.997784e-1 -7.1577264e-2 -7.1577264e-2
2.0997382e0 6.997784e-1 -1.8690435e-1 -1.8690435e-1
2.4497281e0 6.997784e-1 -2.62342657e-1 -2.62342657e-1
2.799718e0 6.997784e-1 -2.94942686e-1 -2.94942686e-1
3.149709e0 6.997784e-1 -2.87472032e-1 -2.87472032e-1
3.499698e0 6.997784e-1 -2.47160994e-1 -2.47160994e-1
3.849687e0 6.997784e-1 -1.83973058e-1 -1.83973058e-1
4.199678e0 6.997784e-1 -1.08979308e-1 -1.08979308e-1
4.549667e0 6.997784e-1 -3.3012099e-2 -3.3012099e-2
4.899658e0 6.997784e-1 3.4788037e-2 3.4788037e-2
5.249648e0 6.997784e-1 8.7687079e-2 8.7687079e-2
5.599637e0 6.997784e-1 1.2181321e-1 1.2181321e-1
5.949628e0 6.997784e-1 1.360937e-1 1.360937e-1
6.299617e0 6.997784e-1 1.32038577e-1 1.32038577e-1
6.649608e0 6.997784e-1 1.13003235e-1 1.13003235e-1
6.999597e0 6.997784e-1 8.369986e-2 8.369986e-2

-7.0e0 1.0497684e0 1.11432884e-1 1.11432884e-1
-6.65001e0 1.0497684e0 1.50450685e-1 1.50450685e-1
-6.3000201e0 1.0497684e0 1.75641235e-1 1.75641235e-1
-5.9500302e0 1.0497684e0 1.80994005e-1 1.80994005e-1
-5.6000403e0 1.0497684e0 1.61867876e-1 1.61867876e-1
-5.2500504e0 1.0497684e0 1.16474185e-1 1.16474185e-1
-4.9000604e0 1.0497684e0 4.6235028e-2 4.6235028e-2
-4.5500705e0 1.0497684e0 -4.3621149e-2 -4.3621149e-2
-4.2000806e0 1.0497684e0 -1.44055658e-1 -1.44055658e-1
-3.8500906e0 1.0497684e0 -2.4284772e-1 -2.4284772e-1
-3.5001007e0 1.0497684e0 -3.25796191e-1 -3.25796191e-1
-3.1501108e0 1.0497684e0 -3.78190588e-1 -3.78190588e-1
-2.8001208e0 1.0497684e0 -3.87006851e-1 -3.87006851e-1
-2.4501309e0 1.0497684e0 -3.43180847e-1 -3.43180847e-1
-2.100141e0 1.0497684e0 -2.43538484e-1 -2.43538484e-1
-1.750151e0 1.0497684e0 -9.2906754e-2 -9.2906754e-2
-1.4001611e0 1.0497684e0 9.5084554e-2 9.5084554e-2
-1.0501712e0 1.0497684e0 2.97675545e-1 2.97675545e-1
-7.001813e-1 1.0497684e0 4.8385745e-1 4.8385745e-1
-3.501913e-1 1.0497684e0 6.17878633e-1 6.17878633e-1
-2.014e-4 1.0497684e0 6.67254509e-1 6.67254509e-1
3.497885e-1 1.0497684e0 6.17964162e-1 6.17964162e-1
6.997784e-1 1.0497684e0 4.84088516e-1 4.84088516e-1
1.0497684e0 1.0497684e0 2.97896979e-1 2.97896979e-1
1.3997583e0 1.0497684e0 9.5321907e-2 9.5321907e-2
1.7497482e0 1.0497684e0 -9.2698466e-2 -9.2698466e-2
2.0997382e0 1.0497684e0 -2.43422687e-1 -2.43422687e-1
2.4497281e0 1.0497684e0 -3.4306507e-1 -3.4306507e-1
2.799718e0 1.0497684e0 -3.86961758e-1 -3.86961758e-1
3.149709e0 1.0497684e0 -3.78190588e-1 -3.78190588e-1
3.499698e0 1.0497684e0 -3.25844919e-1 -3.25844919e-1
3.849687e0 1.0497684e0 -2.43003362e-1 -2.43003362e-1
4.199678e0 1.0497684e0 -1.44161452e-1 -1.44161452e-1
4.549667e0 1.0497684e0 -4.3723737e-2 -4.3723737e-2
4.899658e0 1.0497684e0 4.6138356e-2 4.6138356e-2
5.249648e0 1.0497684e0 1.16396834e-1 1.16396834e-1
5.599637e0 1.0497684e0 1.61880806e-1 1.61880806e-1
5.949628e0 1.0497684e0 1.80967215e-1 1.80967215e-1
6.299617e0 1.0497684e0 1.75719302e-1 1.75719302e-1
6.649608e0 1.0497684e0 1.50474873e-1 1.50474873e-1
6.999597e0 1.0497684e0 1.11471294e-1 1.11471294e-1

-7.0e0 1.3997583e0 1.24675604e-1 1.24675604e-1
-6.65001e0 1.3997583e0 1.68169385e-1 1.68169385e-1
-6.3000201e0 1.3997583e0 1.96287828e-1 1.96287828e-1
-5.9500302e0 1.3997583e0 2.02018303e-1 2.02018303e-1
-5.6000403e0 1.3997583e0 1.80547256e-1 1.80547256e-1
-5.2500504e0 1.3997583e0 1.29766344e-1 1.29766344e-1
-4.9000604e0 1.3997583e0 5.1424391e-2 5.1424391e-2
-4.5500705e0 1.3997583e0 -4.8446535e-2 -4.8446535e-2
-4.2000806e0 1.3997583e0 -1.59711607e-1 -1.59711607e-1
-3.8500906e0 1.3997583e0 -2.6874162e-1 -2.6874162e-1
-3.5001007e0 1.3997583e0 -3.59651553e-1 -3.59651553e-1
-3.1501108e0 1.3997583e0 -4.1628976e-1 -4.1628976e-1
-2.8001208e0 1.3997583e0 -4.24573172e-1 -4.24573172e-1
-2.4501309e0 1.3997583e0 -3.74960492e-1 -3.74960492e-1
-2.100141e0 1.3997583e0 -2.64815239e-1 -2.64815239e-1
-1.750151e0 1.3997583e0 -1.00406294e-1 -1.00406294e-1
-1.4001611e0 1.3997583e0 1.02008171e-1 1.02008171e-1
-1.0501712e0 1.3997583e0 3.16537874e-1 3.16537874e-1
-7.001813e-1 1.3997583e0 5.09650832e-1 5.09650832e-1
-3.501913e-1 1.3997583e0 6.45363562e-1 6.45363562e-1
-2.014e-4 1.3997583e0 6.94540958e-1 6.94540958e-1
3.497885e-1 1.3997583e0 6.45536023e-1 6.45536023e-1
6.997784e-1 1.3997583e0 5.09817404e-1 5.09817404e-1
1.0497684e0 1.3997583e0 3.16773401e-1 3.16773401e-1
1.3997583e0 1.3997583e0 1.02248491e-1 1.02248491e-1
1.7497482e0 1.3997583e0 -1.00181154e-1 -1.00181154e-1
2.0997382e0 1.3997583e0 -2.64636899e-1 -2.64636899e-1
2.4497281e0 1.3997583e0 -3.74833926e-1 -3.74833926e-1
2.799718e0 1.3997583e0 -4.245237e-1 -4.245237e-1
3.149709e0 1.3997583e0 -4.1628976e-1 -4.1628976e-1
3.499698e0 1.3997583e0 -3.5970532e-1 -3.5970532e-1
3.849687e0 1.3997583e0 -2.68833694e-1 -2.68833694e-1
4.199678e0 1.3997583e0 -1.59828868e-1 -1.59828868e-1
4.549667e0 1.3997583e0 -4.8560512e-2 -4.8560512e-2
4.899658e0 1.3997583e0 5.1316864e-2 5.1316864e-2
5.249648e0 1.3997583e0 1.29680135e-1 1.29680135e-1
5.599637e0 1.3997583e0 1.8048673e-1 1.8048673e-1
5.949628e0 1.3997583e0 2.01988376e-1 2.01988376e-1
6.299617e0 1.3997583e0 1.96287828e-1 1.96287828e-1
6.649608e0 1.3997583e0 1.68297627e-1 1.68297627e-1
6.999597e0 1.3997583e0 1.24718576e-1 1.24718576e-1

-7.0e0 1.7497482e0 1.221271e-1 1.221271e-1
-6.65001e0 1.7497482e0 1.64627179e-1 1.64627179e-1
-6.3000201e0 1.7497482e0 1.91890547e-1 1.91890547e-1
-5.9500302e0 1.7497482e0 1.97262662e-1 1.97262662e-1
-5.6000403e0 1.7497482e0 1.76020782e-1 1.76020782e-1
-5.2500504e0 1.7497482e0 1.26354514e-1 1.26354514e-1
-4.9000604e0 1.7497482e0 4.9993987e-2 4.9993987e-2
-4.5500705e0 1.7497482e0 -4.7012866e-2 -4.7012866e-2
-4.2000806e0 1.7497482e0 -1.54659903e-1 -1.54659903e-1
-3.8500906e0 1.7497482e0 -2.5961597e-1 -2.5961597e-1
-3.5001007e0 1.7497482e0 -3.46423503e-1 -3.46423503e-1
-3.1501108e0 1.7497482e0 -3.99767232e-1 -3.99767232e-1
-2.8001208e0 1.7497482e0 -4.06177625e-1 -4.06177625e-1
-2.4501309e0 1.7497482e0 -3.57139307e-1 -3.57139307e-1
-2.100141e0 1.7497482e0 -2.50924716e-1 -2.50924716e-1
-1.750151e0 1.7497482e0 -9.4561024e-2 -9.4561024e-2
-1.4001611e0 1.7497482e0 9.5431653e-2 9.5431653e-2
-1.0501712e0 1.7497482e0 2.93923354e-1 2.93923354e-1
-7.001813e-1 1.7497482e0 4.6987667e-1 4.6987667e-1
-3.501913e-1 1.7497482e0 5.91749088e-1 5.91749088e-1
-2.014e-4 1.7497482e0 6.35493803e-1 6.35493803e-1
3.497885e-1 1.7497482e0 5.91830954e-1 5.91830954e-1
6.997784e-1 1.7497482e0 4.70030266e-1 4.70030266e-1
1.0497684e0 1.7497482e0 2.94141995e-1 2.94141995e-1
1.3997583e0 1.7497482e0 9.5656534e-2 9.5656534e-2
1.7497482e0 1.7497482e0 -9.4364789e-2 -9.4364789e-2
2.0997382e0 1.7497482e0 -2.50755801e-1 -2.50755801e-1
2.4497281e0 1.7497482e0 -3.57018732e-1 -3.57018732e-1
2.799718e0 1.7497482e0 -4.06223021e-1 -4.06223021e-1
3.149709e0 1.7497482e0 -3.99767232e-1 -3.99767232e-1
3.499698e0 1.7497482e0 -3.4656741e-1 -3.4656741e-1
3.849687e0 1.7497482e0 -2.59704884e-1 -2.59704884e-1
4.199678e0 1.7497482e0 -1.54773466e-1 -1.54773466e-1
4.549667e0 1.7497482e0 -4.7123445e-2 -4.7123445e-2
4.899658e0 1.7497482e0 4.988947e-2 4.988947e-2
5.249648e0 1.7497482e0 1.26270607e-1 1.26270607e-1
5.599637e0 1.7497482e0 1.76030478e-1 1.76030478e-1
5.949628e0 1.7497482e0 1.97233464e-1 1.97233464e-1
6.299617e0 1.7497482e0 1.91890547e-1 1.91890547e-1
6.649608e0 1.7497482e0 1.64653653e-1 1.64653653e-1
6.999597e0 1.7497482e0 1.22243457e-1 1.22243457e-1

-7.0e0 2.0997382e0 1.04738614e-1 1.04738614e-1
-6.65001e0 2.0997382e0 1.40968362e-1 1.40968362e-1
-6.3000201e0 2.0997382e0 1.64123299e-1 1.64123299e-1
-5.9500302e0 2.0997382e0 1.68497409e-1 1.68497409e-1
-5.6000403e0 2.0997382e0 1.5013785e-1 1.5013785e-1
-5.2500504e0 2.0997382e0 1.07544276e-1 1.07544276e-1
-4.9000604e0 2.0997382e0 4.2478185e-2 4.2478185e-2
-4.5500705e0 2.0997382e0 -3.9865074e-2 -3.9865074e-2
-4.2000806e0 2.0997382e0 -1.30826927e-1 -1.30826927e-1
-3.8500906e0 2.0997382e0 -2.19052623e-1 -2.19052623e-1
-3.5001007e0 2.0997382e0 -2.9139247e-1 -2.9139247e-1
-3.1501108e0 2.0997382e0 -3.3508897e-1 -3.3508897e-1
-2.8001208e0 2.0997382e0 -3.39183827e-1 -3.39183827e-1
-2.4501309e0 2.0997382e0 -2.968406e-1 -2.968406e-1
-2.100141e0 2.0997382e0 -2.07499777e-1 -2.07499777e-1
-1.750151e0 2.0997382e0 -7.7770735e-2 -7.7770735e-2
-1.4001611e0 2.0997382e0 7.8009517e-2 7.8009517e-2
-1.0501712e0 2.0997382e0 2.38796156e-1 2.38796156e-1
-7.001813e-1 2.0997382e0 3.7968102e-1 3.7968102e-1
-3.501913e-1 2.0997382e0 4.7634057e-1 4.7634057e-1
-2.014e-4 2.0997382e0 5.10838914e-1 5.10838914e-1
3.497885e-1 2.0997382e0 4.76406451e-1 4.76406451e-1
6.997784e-1 2.0997382e0 3.79805109e-1 3.79805109e-1
1.0497684e0 2.0997382e0 2.39021039e-1 2.39021039e-1
1.3997583e0 2.0997382e0 7.819338e-2 7.819338e-2
1.7497482e0 2.0997382e0 -7.7596425e-2 -7.7596425e-2
2.0997382e0 2.0997382e0 -2.07399248e-1 -2.07399248e-1
2.4497281e0 2.0997382e0 -2.96740404e-1 -2.96740404e-1
2.799718e0 2.0997382e0 -3.3914425e-1 -3.3914425e-1
3.149709e0 2.0997382e0 -3.3508897e-1 -3.3508897e-1
3.499698e0 2.0997382e0 -2.91524979e-1 -2.91524979e-1
3.849687e0 2.0997382e0 -2.1912763e-1 -2.1912763e-1
4.199678e0 2.0997382e0 -1.309653e-1 -1.309653e-1
4.549667e0 2.0997382e0 -3.9958868e-2 -3.9958868e-2
4.899658e0 2.0997382e0 4.2403845e-2 4.2403845e-2
5.249648e0 2.0997382e0 1.07512636e-1 1.07512636e-1
5.599637e0 2.0997382e0 1.50087517e-1 1.50087517e-1
5.949628e0 2.0997382e0 1.6847248e-1 1.6847248e-1
6.299617e0 2.0997382e0 1.64123299e-1 1.64123299e-1
6.649608e0 2.0997382e0 1.40990997e-1 1.40990997e-1
6.999597e0 2.0997382e0 1.04774712e-1 1.04774712e-1

-7.0e0 2.4497281e0 7.5329094e-2 7.5329094e-2
-6.65001e0 2.4497281e0 1.01251453e-1 1.01251453e-1
-6.3000201e0 2.4497281e0 1.1770777e-1 1.1770777e-1
-5.9500302e0 2.4497281e0 1.20647769e-1 1.20647769e-1
-5.6000403e0 2.4497281e0 1.07338379e-1 1.07338379e-1
-5.2500504e0 2.4497281e0 7.6755598e-2 7.6755598e-2
-4.9000604e0 2.4497281e0 3.0258896e-2 3.0258896e-2
-4.5500705e0 2.4497281e0 -2.8324593e-2 -2.8324593e-2
-4.2000806e0 2.4497281e0 -9.2735272e-2 -9.2735272e-2
-3.8500906e0 2.4497281e0 -1.54792987e-1 -1.54792987e-1
-3.5001007e0 2.4497281e0 -2.05356285e-1 -2.05356285e-1
-3.1501108e0 2.4497281e0 -2.35234355e-1 -2.35234355e-1
-2.8001208e0 2.4497281e0 -2.37177573e-1 -2.37177573e-1
-2.4501309e0 2.4497281e0 -2.06674289e-1 -2.06674289e-1
-2.100141e0 2.4497281e0 -1.43795003e-1 -1.43795003e-1
-1.750151e0 2.4497281e0 -5.3620563e-2 -5.3620563e-2
-1.4001611e0 2.4497281e0 5.350704e-2 5.350704e-2
-1.0501712e0 2.4497281e0 1.630059e-1 1.630059e-1
-7.001813e-1 2.4497281e0 2.58073268e-1 2.58073268e-1
-3.501913e-1 2.4497281e0 3.22866711e-1 3.22866711e-1
-2.014e-4 2.4497281e0 3.4583948e-1 3.4583948e-1
3.497885e-1 2.4497281e0 3.22911438e-1 3.22911438e-1
6.997784e-1 2.4497281e0 2.58157623e-1 2.58157623e-1
1.0497684e0 2.4497281e0 1.63127167e-1 1.63127167e-1
1.3997583e0 2.4497281e0 5.3633078e-2 5.3633078e-2
1.7497482e0 2.4497281e0 -5.3500348e-2 -5.3500348e-2
2.0997382e0 2.4497281e0 -1.43698212e-1 -1.43698212e-1
2.4497281e0 2.4497281e0 -2.06653696e-1 -2.06653696e-1
2.799718e0 2.4497281e0 -2.37149936e-1 -2.37149936e-1
3.149709e0 2.4497281e0 -2.35304533e-1 -2.35304533e-1
3.499698e0 2.4497281e0 -2.05387025e-1 -2.05387025e-1
3.849687e0 2.4497281e0 -1.548993e-1 -1.548993e-1
4.199678e0 2.4497281e0 -9.2803377e-2 -9.2803377e-2
4.549667e0 2.4497281e0 -2.84005e-2 -2.84005e-2
4.899658e0 2.4497281e0 3.0195618e-2 3.0195618e-2
5.249648e0 2.4497281e0 7.6737299e-2 7.6737299e-2
5.599637e0 2.4497281e0 1.07302394e-1 1.07302394e-1
5.949628e0 2.4497281e0 1.20696217e-1 1.20696217e-1
6.299617e0 2.4497281e0 1.1770777e-1 1.1770777e-1
6.649608e0 2.4497281e0 1.0126772e-1 1.0126772e-1
6.999597e0 2.4497281e0 7.5355049e-2 7.5355049e-2

-7.0e0 2.799718e0 3.8367833e-2 3.8367833e-2
-6.65001e0 2.799718e0 5.1515094e-2 5.1515094e-2
-6.3000201e0 2.799718e0 5.9807657e-2 5.9807657e-2
-5.9500302e0 2.799718e0 6.1214482e-2 6.1214482e-2
-5.6000403e0 2.799718e0 5.4349487e-2 5.4349487e-2
-5.2500504e0 2.799718e0 3.8787993e-2 3.8787993e-2
-4.9000604e0 2.799718e0 1.52561076e-2 1.52561076e-2
-4.5500705e0 2.799718e0 -1.4249486e-2 -1.4249486e-2
-4.2000806e0 2.799718e0 -4.652644e-2 -4.652644e-2
-3.8500906e0 2.799718e0 -7.7445103e-2 -7.7445103e-2
-3.5001007e0 2.799718e0 -1.0238149e-1 -1.0238149e-1
-3.1501108e0 2.799718e0 -1.16905319e-1 -1.16905319e-1
-2.8001208e0 2.799718e0 -1.17397423e-1 -1.17397423e-1
-2.4501309e0 2.799718e0 -1.01885754e-1 -1.01885754e-1
-2.100141e0 2.799718e0 -7.0582259e-2 -7.0582259e-2
-1.750151e0 2.799718e0 -2.61968623e-2 -2.61968623e-2
-1.4001611e0 2.799718e0 2.60266098e-2 2.60266098e-2
-1.0501712e0 2.799718e0 7.8965733e-2 7.8965733e-2
-7.001813e-1 2.799718e0 1.24610765e-1 1.24610765e-1
-3.501913e-1 2.799718e0 1.55551448e-1 1.55551448e-1
-2.014e-4 2.799718e0 1.66507149e-1 1.66507149e-1
3.497885e-1 2.799718e0 1.55573007e-1 1.55573007e-1
6.997784e-1 2.799718e0 1.24651488e-1 1.24651488e-1
1.0497684e0 2.799718e0 7.9024484e-2 7.9024484e-2
1.3997583e0 2.799718e0 2.60879381e-2 2.60879381e-2
1.7497482e0 2.799718e0 -2.61441011e-2 -2.61441011e-2
2.0997382e0 2.799718e0 -7.0534729e-2 -7.0534729e-2
2.4497281e0 2.799718e0 -1.01851314e-1 -1.01851314e-1
2.799718e0 2.799718e0 -1.17383755e-1 -1.17383755e-1
3.149709e0 2.799718e0 -1.16905319e-1 -1.16905319e-1
3.499698e0 2.799718e0 -1.02396819e-1 -1.02396819e-1
3.849687e0 2.799718e0 -7.7471613e-2 -7.7471613e-2
4.199678e0 2.799718e0 -4.6560574e-2 -4.6560574e-2
4.549667e0 2.799718e0 -1.42830026e-2 -1.42830026e-2
4.899658e0 2.799718e0 1.52242131e-2 1.52242131e-2
5.249648e0 2.799718e0 3.8762204e-2 3.8762204e-2
5.599637e0 2.799718e0 5.4331273e-2 5.4331273e-2
5.949628e0 2.799718e0 6.120543e-2 6.120543e-2
6.299617e0 2.799718e0 5.9807657e-2 5.9807657e-2
6.649608e0 2.799718e0 5.155471e-2 5.155471e-2
6.999597e0 2.799718e0 3.8381038e-2 3.8381038e-2

-7.0e0 3.149709e0 -8.9600838e-4 -8.9600838e-4
-6.65001e0 3.149709e0 -1.20174925e-3 -1.20174925e-3
-6.3000201e0 3.149709e0 -1.39250517e-3 -1.39250517e-3
-5.9500302e0 3.149709e0 -1.42249718e-3 -1.42249718e-3
-5.6000403e0 3.149709e0 -1.26042737e-3 -1.26042737e-3
-5.2500504e0 3.149709e0 -8.9783699e-4 -8.9783699e-4
-4.9000604e0 3.149709e0 -3.523025e-4 -3.523025e-4
-4.5500705e0 3.149709e0 3.2820139e-4 3.2820139e-4
-4.2000806e0 3.149709e0 1.06860522e-3 1.06860522e-3
-3.8500906e0 3.149709e0 1.77353226e-3 1.77353226e-3
-3.5001007e0 3.149709e0 2.33734512e-3 2.33734512e-3
-3.1501108e0 3.149709e0 2.659585e-3 2.659585e-3
-2.8001208e0 3.149709e0 2.66177768e-3 2.66177768e-3
-2.4501309e0 3.149709e0 2.30079532e-3 2.30079532e-3
-2.100141e0 3.149709e0 1.5876616e-3 1.5876616e-3
-1.750151e0 3.149709e0 5.8705385e-4 5.8705385e-4
-1.4001611e0 3.149709e0 -5.8102968e-4 -5.8102968e-4
-1.0501712e0 3.149709e0 -1.7569854e-3 -1.7569854e-3
-7.001813e-1 3.149709e0 -2.76503299e-3 -2.76503299e-3
-3.501913e-1 3.149709e0 -3.4457754e-3 -3.4457754e-3
-2.014e-4 3.149709e0 -3.6863175e-3 -3.6863175e-3
3.497885e-1 3.149709e0 -3.44625224e-3 -3.44625224e-3
6.997784e-1 3.149709e0 -2.76593689e-3 -2.76593689e-3
1.0497684e0 3.149709e0 -1.75829231e-3 -1.75829231e-3
1.3997583e0 3.149709e0 -5.8239899e-4 -5.8239899e-4
1.7497482e0 3.149709e0 5.8573766e-4 5.8573766e-4
2.0997382e0 3.149709e0 1.58659247e-3 1.58659247e-3
2.4497281e0 3.149709e0 2.3007044e-3 2.3007044e-3
2.799718e0 3.149709e0 2.66146742e-3 2.66146742e-3
3.149709e0 3.149709e0 2.66047606e-3 2.66047606e-3
3.499698e0 3.149709e0 2.33845313e-3 2.33845313e-3
3.849687e0 3.149709e0 1.77481679e-3 1.77481679e-3
4.199678e0 3.149709e0 1.06982677e-3 1.06982677e-3
4.549667e0 3.149709e0 3.2897311e-4 3.2897311e-4
4.899658e0 3.149709e0 -3.5156609e-4 -3.5156609e-4
5.249648e0 3.149709e0 -8.9724084e-4 -8.9724084e-4
5.599637e0 3.149709e0 -1.26000488e-3 -1.26000488e-3
5.949628e0 3.149709e0 -1.42228648e-3 -1.42228648e-3
6.299617e0 3.149709e0 -1.39250517e-3 -1.39250517e-3
6.649608e0 3.149709e0 -1.2019423e-3 -1.2019423e-3
6.999597e0 3.149709e0 -8.9631734e-4 -8.9631734e-4

-7.0e0 3.499698e0 -3.7342693e-2 -3.7342693e-2
-6.65001e0 3.499698e0 -4.9999744e-2 -4.9999744e-2
-6.3000201e0 3.499698e0 -5.7834529e-2 -5.7834529e-2
-5.9500302e0 3.499698e0 -5.8966869e-2 -5.8966869e-2
-5.6000403e0 3.499698e0 -5.2172792e-2 -5.2172792e-2
-5.2500504e0 3.499698e0 -3.7069997e-2 -3.7069997e-2
-4.9000604e0 3.499698e0 -1.45108922e-2 -1.45108922e-2
-4.5500705e0 3.499698e0 1.34868332e-2 1.34868332e-2
-4.2000806e0 3.499698e0 4.3799934e-2 4.3799934e-2
-3.8500906e0 3.499698e0 7.2478613e-2 7.2478613e-2
-3.5001007e0 3.499698e0 9.5224443e-2 9.5224443e-2
-3.1501108e0 3.499698e0 1.07998785e-1 1.07998785e-1
-2.8001208e0 3.499698e0 1.07709773e-1 1.07709773e-1
-2.4501309e0 3.499698e0 9.2807133e-2 9.2807133e-2
-2.100141e0 3.499698e0 6.3792888e-2 6.3792888e-2
-1.750151e0 3.499698e0 2.3512002e-2 2.3512002e-2
-1.4001611e0 3.499698e0 -2.31942558e-2 -2.31942558e-2
-1.0501712e0 3.499698e0 -6.9935799e-2 -6.9935799e-2
-7.001813e-1 3.499698e0 -1.09828682e-1 -1.09828682e-1
-3.501913e-1 3.499698e0 -1.36681544e-1 -1.36681544e-1
-2.014e-4 3.499698e0 -1.46143762e-1 -1.46143762e-1
3.497885e-1 3.499698e0 -1.36700423e-1 -1.36700423e-1
6.997784e-1 3.499698e0 -1.09864574e-1 -1.09864574e-1
1.0497684e0 3.499698e0 -6.9987833e-2 -6.9987833e-2
1.3997583e0 3.499698e0 -2.32489154e-2 -2.32489154e-2
1.7497482e0 3.499698e0 2.34592879e-2 2.34592879e-2
2.0997382e0 3.499698e0 6.3769386e-2 6.3769386e-2
2.4497281e0 3.499698e0 9.2775818e-2 9.2775818e-2
2.799718e0 3.499698e0 1.07697182e-1 1.07697182e-1
3.149709e0 3.499698e0 1.08033812e-1 1.08033812e-1
3.499698e0 3.499698e0 9.5238657e-2 9.5238657e-2
3.849687e0 3.499698e0 7.2503423e-2 7.2503423e-2
4.199678e0 3.499698e0 4.3832068e-2 4.3832068e-2
4.549667e0 3.499698e0 1.35185556e-2 1.35185556e-2
4.899658e0 3.499698e0 -1.44805556e-2 -1.44805556e-2
5.249648e0 3.499698e0 -3.704535e-2 -3.704535e-2
5.599637e0 3.499698e0 -5.2155307e-2 -5.2155307e-2
5.949628e0 3.499698e0 -5.8958148e-2 -5.8958148e-2
6.299617e0 3.499698e0 -5.7834529e-2 -5.7834529e-2
6.649608e0 3.499698e0 -5.0007765e-2 -5.0007765e-2
6.999597e0 3.499698e0 -3.7355566e-2 -3.7355566e-2

-7.0e0 3.849687e0 -6.6546356e-2 -6.6546356e-2
-6.65001e0 3.849687e0 -8.8886642e-2 -8.8886642e-2
-6.3000201e0 3.849687e0 -1.02692787e-1 -1.02692787e-1
-5.9500302e0 3.849687e0 -1.04494466e-1 -1.04494466e-1
-5.6000403e0 3.849687e0 -9.2270868e-2 -9.2270868e-2
-5.2500504e0 3.849687e0 -6.542219e-2 -6.542219e-2
-4.9000604e0 3.849687e0 -2.555626e-2 -2.555626e-2
-4.5500705e0 3.849687e0 2.3680605e-2 2.3680605e-2
-4.2000806e0 3.849687e0 7.6712189e-2 7.6712189e-2
-3.8500906e0 3.849687e0 1.26637508e-1 1.26637508e-1
-3.5001007e0 3.849687e0 1.65849916e-1 1.65849916e-1
-3.1501108e0 3.849687e0 1.87517018e-1 1.87517018e-1
-2.8001208e0 3.849687e0 1.86437354e-1 1.86437354e-1
-2.4501309e0 3.849687e0 1.60077458e-1 1.60077458e-1
-2.100141e0 3.849687e0 1.09735678e-1 1.09735678e-1
-1.750151e0 3.849687e0 4.0309184e-2 4.0309184e-2
-1.4001611e0 3.849687e0 -3.9658763e-2 -3.9658763e-2
-1.0501712e0 3.849687e0 -1.19322572e-1 -1.19322572e-1
-7.001813e-1 3.849687e0 -1.87030199e-1 -1.87030199e-1
-3.501913e-1 3.849687e0 -2.32419218e-1 -2.32419218e-1
-2.014e-4 3.849687e0 -2.48418442e-1 -2.48418442e-1
3.497885e-1 3.849687e0 -2.32451382e-1 -2.32451382e-1
6.997784e-1 3.849687e0 -1.87091373e-1 -1.87091373e-1
1.0497684e0 3.849687e0 -1.19411336e-1 -1.19411336e-1
1.3997583e0 3.849687e0 -3.9752208e-2 -3.9752208e-2
1.7497482e0 3.849687e0 4.0218787e-2 4.0218787e-2
2.0997382e0 3.849687e0 1.09661792e-1 1.09661792e-1
2.4497281e0 3.849687e0 1.60078474e-1 1.60078474e-1
2.799718e0 3.849687e0 1.86415627e-1 1.86415627e-1
3.149709e0 3.849687e0 1.8758856e-1 1.8758856e-1
3.499698e0 3.849687e0 1.65874725e-1 1.65874725e-1
3.849687e0 3.849687e0 1.26680865e-1 1.26680865e-1
4.199678e0 3.849687e0 7.68004e-2 7.68004e-2
4.549667e0 3.849687e0 2.3747894e-2 2.3747894e-2
4.899658e0 3.849687e0 -2.5502808e-2 -2.5502808e-2
5.249648e0 3.849687e0 -6.5378757e-2 -6.5378757e-2
5.599637e0 3.849687e0 -9.2239938e-2 -9.2239938e-2
5.949628e0 3.849687e0 -1.04479004e-1 -1.04479004e-1
6.299617e0 3.849687e0 -1.02692787e-1 -1.02692787e-1
6.649608e0 3.849687e0 -8.890092e-2 -8.890092e-2
6.999597e0 3.849687e0 -6.6569284e-2 -6.6569284e-2

-7.0e0 4.199678e0 -8.5354207e-2 -8.5354207e-2
-6.65001e0 4.199678e0 -1.13810722e-1 -1.13810722e-1
-6.3000201e0 4.199678e0 -1.31236302e-1 -1.31236302e-1
-5.9500302e0 4.199678e0 -1.33340437e-1 -1.33340437e-1
-5.6000403e0 4.199678e0 -1.17475586e-1 -1.17475586e-1
-5.2500504e0 4.199678e0 -8.310213e-2 -8.310213e-2
-4.9000604e0 4.199678e0 -3.2386038e-2 -3.2386038e-2
-4.5500705e0 4.199678e0 2.9955128e-2 2.9955128e-2
-4.2000806e0 4.199678e0 9.676304e-2 9.676304e-2
-3.8500906e0 4.199678e0 1.59225484e-1 1.59225484e-1
-3.5001007e0 4.199678e0 2.08030548e-1 2.08030548e-1
-3.1501108e0 4.199678e0 2.34513101e-1 2.34513101e-1
-2.8001208e0 4.199678e0 2.3248081e-1 2.3248081e-1
-2.4501309e0 4.199678e0 1.9905454e-1 1.9905454e-1
-2.100141e0 4.199678e0 1.36077156e-1 1.36077156e-1
-1.750151e0 4.199678e0 4.9842325e-2 4.9842325e-2
-1.4001611e0 4.199678e0 -4.892025e-2 -4.892025e-2
-1.0501712e0 4.199678e0 -1.46871542e-1 -1.46871542e-1
-7.001813e-1 4.199678e0 -2.29868753e-1 -2.29868753e-1
-3.501913e-1 4.199678e0 -2.85460753e-1 -2.85460753e-1
-2.014e-4 4.199678e0 -3.04959496e-1 -3.04959496e-1
3.497885e-1 4.199678e0 -2.85500241e-1 -2.85500241e-1
6.997784e-1 4.199678e0 -2.29943867e-1 -2.29943867e-1
1.0497684e0 4.199678e0 -1.469808e-1 -1.469808e-1
1.3997583e0 4.199678e0 -4.9035542e-2 -4.9035542e-2
1.7497482e0 4.199678e0 4.9730571e-2 4.9730571e-2
2.0997382e0 4.199678e0 1.35985512e-1 1.35985512e-1
2.4497281e0 4.199678e0 1.98987384e-1 1.98987384e-1
2.799718e0 4.199678e0 2.32453676e-1 2.32453676e-1
3.149709e0 4.199678e0 2.34608958e-1 2.34608958e-1
3.499698e0 4.199678e0 2.0806167e-1 2.0806167e-1
3.849687e0 4.199678e0 1.59346165e-1 1.59346165e-1
4.199678e0 4.199678e0 9.6834114e-2 9.6834114e-2
4.549667e0 4.199678e0 3.0025603e-2 3.0025603e-2
4.899658e0 4.199678e0 -3.2318306e-2 -3.2318306e-2
5.249648e0 4.199678e0 -8.3046916e-2 -8.3046916e-2
5.599637e0 4.199678e0 -1.17436198e-1 -1.17436198e-1
5.949628e0 4.199678e0 -1.33320695e-1 -1.33320695e-1
6.299617e0 4.199678e0 -1.31236302e-1 -1.31236302e-1
6.649608e0 4.199678e0 -1.13918521e-1 -1.13918521e-1
6.999597e0 4.199678e0 -8.5383627e-2 -8.5383627e-2

-7.0e0 4.549667e0 -9.225761e-2 -9.225761e-2
-6.65001e0 4.549667e0 -1.22890736e-1 -1.22890736e-1
-6.3000201e0 4.549667e0 -1.4140815e-1 -1.4140815e-1
-5.9500302e0 4.549667e0 -1.43346971e-1 -1.43346971e-1
-5.6000403e0 4.549667e0 -1.25987373e-1 -1.25987373e-1
-5.2500504e0 4.549667e0 -8.9000212e-2 -8.9000212e-2
-4.9000604e0 4.549667e0 -3.4595326e-2 -3.4595326e-2
-4.5500705e0 4.549667e0 3.1910193e-2 3.1910193e-2
-4.2000806e0 4.549667e0 1.02893962e-1 1.02893962e-1
-3.8500906e0 4.549667e0 1.6883405e-1 1.6883405e-1
-3.5001007e0 4.549667e0 2.20030292e-1 2.20030292e-1
-3.1501108e0 4.549667e0 2.47405232e-1 2.47405232e-1
-2.8001208e0 4.549667e0 2.44571136e-1 2.44571136e-1
-2.4501309e0 4.549667e0 2.08837984e-1 2.08837984e-1
-2.100141e0 4.549667e0 1.42383302e-1 1.42383302e-1
-1.750151e0 4.549667e0 5.2042271e-2 5.2042271e-2
-1.4001611e0 4.549667e0 -5.0972269e-2 -5.0972269e-2
-1.0501712e0 4.549667e0 -1.52764738e-1 -1.52764738e-1
-7.001813e-1 4.549667e0 -2.38795654e-1 -2.38795654e-1
-3.501913e-1 4.549667e0 -2.96281306e-1 -2.96281306e-1
-2.014e-4 4.549667e0 -3.16401666e-1 -3.16401666e-1
3.497885e-1 4.549667e0 -2.9632228e-1 -2.9632228e-1
6.997784e-1 4.549667e0 -2.38873691e-1 -2.38873691e-1
1.0497684e0 4.549667e0 -1.52878392e-1 -1.52878392e-1
1.3997583e0 4.549667e0 -5.1092374e-2 -5.1092374e-2
1.7497482e0 4.549667e0 5.1925557e-2 5.1925557e-2
2.0997382e0 4.549667e0 1.42287459e-1 1.42287459e-1
2.4497281e0 4.549667e0 2.08835748e-1 2.08835748e-1
2.799718e0 4.549667e0 2.44542638e-1 2.44542638e-1
3.149709e0 4.549667e0 2.47405232e-1 2.47405232e-1
3.499698e0 4.549667e0 2.20063177e-1 2.20063177e-1
3.849687e0 4.549667e0 1.68974341e-1 1.68974341e-1
4.199678e0 4.549667e0 1.02969499e-1 1.02969499e-1
4.549667e0 4.549667e0 3.2002838e-2 3.2002838e-2
4.899658e0 4.549667e0 -3.4523003e-2 -3.4523003e-2
5.249648e0 4.549667e0 -8.8941113e-2 -8.8941113e-2
5.599637e0 4.549667e0 -1.26021722e-1 -1.26021722e-1
5.949628e0 4.549667e0 -1.43325766e-1 -1.43325766e-1
6.299617e0 4.549667e0 -1.4140815e-1 -1.4140815e-1
6.649608e0 4.549667e0 -1.22910484e-1 -1.22910484e-1
6.999597e0 4.549667e0 -9.228942e-2 -9.228942e-2

-7.0e0 4.899658e0 -8.748932e-2 -8.748932e-2
-6.65001e0 4.899658e0 -1.16307408e-1 -1.16307408e-1
-6.3000201e0 4.899658e0 -1.33528494e-1 -1.33528494e-1
-5.9500302e0 4.899658e0 -1.3520783e-1 -1.3520783e-1
-5.6000403e0 4.899658e0 -1.18578085e-1 -1.18578085e-1
-5.2500504e0 4.899658e0 -8.3534334e-2 -8.3534334e-2
-4.9000604e0 4.899658e0 -3.2409702e-2 -3.2409702e-2
-4.5500705e0 4.899658e0 2.9837148e-2 2.9837148e-2
-4.2000806e0 4.899658e0 9.5943692e-2 9.5943692e-2
-3.8500906e0 4.899658e0 1.57146376e-1 1.57146376e-1
-3.5001007e0 4.899658e0 2.04176979e-1 2.04176979e-1
-3.1501108e0 4.899658e0 2.29046916e-1 2.29046916e-1
-2.8001208e0 4.899658e0 2.25834311e-1 2.25834311e-1
-2.4501309e0 4.899658e0 1.92415063e-1 1.92415063e-1
-2.100141e0 4.899658e0 1.30849641e-1 1.30849641e-1
-1.750151e0 4.899658e0 4.773065e-2 4.773065e-2
-1.4001611e0 4.899658e0 -4.6663826e-2 -4.6663826e-2
-1.0501712e0 4.899658e0 -1.39648831e-1 -1.39648831e-1
-7.001813e-1 4.899658e0 -2.17997978e-1 -2.17997978e-1
-3.501913e-1 4.899658e0 -2.70261038e-1 -2.70261038e-1
-2.014e-4 4.899658e0 -2.8871555e-1 -2.8871555e-1
3.497885e-1 4.899658e0 -2.70399982e-1 -2.70399982e-1
6.997784e-1 4.899658e0 -2.18069217e-1 -2.18069217e-1
1.0497684e0 4.899658e0 -1.39752742e-1 -1.39752742e-1
1.3997583e0 4.899658e0 -4.6773785e-2 -4.6773785e-2
1.7497482e0 4.899658e0 4.762364e-2 4.762364e-2
2.0997382e0 4.899658e0 1.30806097e-1 1.30806097e-1
2.4497281e0 4.899658e0 1.9235008e-1 1.9235008e-1
2.799718e0 4.899658e0 2.25807993e-1 2.25807993e-1
3.149709e0 4.899658e0 2.29046916e-1 2.29046916e-1
3.499698e0 4.899658e0 2.04207526e-1 2.04207526e-1
3.849687e0 4.899658e0 1.57200183e-1 1.57200183e-1
4.199678e0 4.899658e0 9.601416e-2 9.601416e-2
4.549667e0 4.899658e0 2.990735e-2 2.990735e-2
4.899658e0 4.899658e0 -3.2341922e-2 -3.2341922e-2
5.249648e0 4.899658e0 -8.3534167e-2 -8.3534167e-2
5.599637e0 4.899658e0 -1.18538336e-1 -1.18538336e-1
5.949628e0 4.899658e0 -1.35187808e-1 -1.35187808e-1
6.299617e0 4.899658e0 -1.33626674e-1 -1.33626674e-1
6.649608e0 4.899658e0 -1.16326102e-1 -1.16326102e-1
6.999597e0 4.899658e0 -8.7519475e-2 -8.7519475e-2

-7.0e0 5.249648e0 -7.2672127e-2 -7.2672127e-2
-6.65001e0 5.249648e0 -9.6405327e-2 -9.6405327e-2
-6.3000201e0 5.249648e0 -1.10562859e-1 -1.10562859e-1
-5.9500302e0 5.249648e0 -1.11648613e-1 -1.11648613e-1
-5.6000403e0 5.249648e0 -9.7760413e-2 -9.7760413e-2
-5.2500504e0 5.249648e0 -6.8774207e-2 -6.8774207e-2
-4.9000604e0 5.249648e0 -2.6607887e-2 -2.6607887e-2
-4.5500705e0 5.249648e0 2.444987e-2 2.444987e-2
-4.2000806e0 5.249648e0 7.8418077e-2 7.8418077e-2
-3.8500906e0 5.249648e0 1.28137874e-1 1.28137874e-1
-3.5001007e0 5.249648e0 1.6614235e-1 1.6614235e-1
-3.1501108e0 5.249648e0 1.8593087e-1 1.8593087e-1
-2.8001208e0 5.249648e0 1.82889427e-1 1.82889427e-1
-2.4501309e0 5.249648e0 1.55468098e-1 1.55468098e-1
-2.100141e0 5.249648e0 1.05560109e-1 1.05560109e-1
-1.750151e0 5.249648e0 3.8425128e-2 3.8425128e-2
-1.4001611e0 5.249648e0 -3.7507513e-2 -3.7507513e-2
-1.0501712e0 5.249648e0 -1.12057558e-1 -1.12057558e-1
-7.001813e-1 5.249648e0 -1.74776424e-1 -1.74776424e-1
-3.501913e-1 5.249648e0 -2.16624583e-1 -2.16624583e-1
-2.014e-4 5.249648e0 -2.31213985e-1 -2.31213985e-1
3.497885e-1 5.249648e0 -2.1665457e-1 -2.1665457e-1
6.997784e-1 5.249648e0 -1.74833542e-1 -1.74833542e-1
1.0497684e0 5.249648e0 -1.12140912e-1 -1.12140912e-1
1.3997583e0 5.249648e0 -3.759592e-2 -3.759592e-2
1.7497482e0 5.249648e0 3.8339003e-2 3.8339003e-2
2.0997382e0 5.249648e0 1.05489038e-1 1.05489038e-1
2.4497281e0 5.249648e0 1.55481827e-1 1.55481827e-1
2.799718e0 5.249648e0 1.82868085e-1 1.82868085e-1
3.149709e0 5.249648e0 1.8593087e-1 1.8593087e-1
3.499698e0 5.249648e0 1.66167183e-1 1.66167183e-1
3.849687e0 5.249648e0 1.28181757e-1 1.28181757e-1
4.199678e0 5.249648e0 7.8475648e-2 7.8475648e-2
4.549667e0 5.249648e0 2.4507384e-2 2.4507384e-2
4.899658e0 5.249648e0 -2.6569849e-2 -2.6569849e-2
5.249648e0 5.249648e0 -6.8728526e-2 -6.8728526e-2
5.599637e0 5.249648e0 -9.7727634e-2 -9.7727634e-2
5.949628e0 5.249648e0 -1.11632076e-1 -1.11632076e-1
6.299617e0 5.249648e0 -1.10562859e-1 -1.10562859e-1
6.649608e0 5.249648e0 -9.6420827e-2 -9.6420827e-2
6.999597e0 5.249648e0 -7.2697176e-2 -7.2697176e-2

-7.0e0 5.599637e0 -5.0619408e-2 -5.0619408e-2
-6.65001e0 5.599637e0 -6.7097812e-2 -6.7097812e-2
-6.3000201e0 5.599637e0 -7.6731964e-2 -7.6731964e-2
-5.9500302e0 5.599637e0 -7.742155e-2 -7.742155e-2
-5.6000403e0 5.599637e0 -6.7649698e-2 -6.7649698e-2
-5.2500504e0 5.599637e0 -4.7453452e-2 -4.7453452e-2
-4.9000604e0 5.599637e0 -1.833388e-2 -1.833388e-2
-4.5500705e0 5.599637e0 1.6800316e-2 1.6800316e-2
-4.2000806e0 5.599637e0 5.3809198e-2 5.3809198e-2
-3.8500906e0 5.599637e0 8.7724695e-2 8.7724695e-2
-3.5001007e0 5.599637e0 1.13502888e-1 1.13502888e-1
-3.1501108e0 5.599637e0 1.26700015e-1 1.26700015e-1
-2.8001208e0 5.599637e0 1.24391823e-1 1.24391823e-1
-2.4501309e0 5.599637e0 1.05533684e-1 1.05533684e-1
-2.100141e0 5.599637e0 7.15067e-2 7.15067e-2
-1.750151e0 5.599637e0 2.5993393e-2 2.5993393e-2
-1.4001611e0 5.599637e0 -2.5330977e-2 -2.5330977e-2
-1.0501712e0 5.599637e0 -7.5623578e-2 -7.5623578e-2
-7.001813e-1 5.599637e0 -1.17815842e-1 -1.17815842e-1
-3.501913e-1 5.599637e0 -1.45900934e-1 -1.45900934e-1
-2.014e-4 5.599637e0 -1.55770067e-1 -1.55770067e-1
3.497885e-1 5.599637e0 -1.45921124e-1 -1.45921124e-1
6.997784e-1 5.599637e0 -1.17854333e-1 -1.17854333e-1
1.0497684e0 5.599637e0 -7.5679857e-2 -7.5679857e-2
1.3997583e0 5.599637e0 -2.5390674e-2 -2.5390674e-2
1.7497482e0 5.599637e0 2.5935123e-2 2.5935123e-2
2.0997382e0 5.599637e0 7.1458557e-2 7.1458557e-2
2.4497281e0 5.599637e0 1.05498064e-1 1.05498064e-1
2.799718e0 5.599637e0 1.2437731e-1 1.2437731e-1
3.149709e0 5.599637e0 1.26700015e-1 1.26700015e-1
3.499698e0 5.599637e0 1.13519876e-1 1.13519876e-1
3.849687e0 5.599637e0 8.7754759e-2 8.7754759e-2
4.199678e0 5.599637e0 5.384872e-2 5.384872e-2
4.549667e0 5.599637e0 1.6850069e-2 1.6850069e-2
4.899658e0 5.599637e0 -1.8295555e-2 -1.8295555e-2
5.249648e0 5.599637e0 -4.742195e-2 -4.742195e-2
5.599637e0 5.599637e0 -6.762702e-2 -6.762702e-2
5.949628e0 5.599637e0 -7.741007e-2 -7.741007e-2
6.299617e0 5.599637e0 -7.6801433e-2 -7.6801433e-2
6.649608e0 5.599637e0 -6.7108597e-2 -6.7108597e-2
6.999597e0 5.599637e0 -5.0636864e-2 -5.0636864e-2

-7.0e0 5.949628e0 -2.4835379e-2 -2.4835379e-2
-6.65001e0 5.949628e0 -3.2829152e-2 -3.2829152e-2
-6.3000201e0 5.949628e0 -3.7520981e-2 -3.7520981e-2
-5.9500302e0 5.949628e0 -3.775173e-2 -3.775173e-2
-5.6000403e0 5.949628e0 -3.2940858e-2 -3.2940858e-2
-5.2500504e0 5.949628e0 -2.3058508e-2 -2.3058508e-2
-4.9000604e0 5.949628e0 -8.8945694e-3 -8.8945694e-3
-4.5500705e0 5.949628e0 8.1330179e-3 8.1330179e-3
-4.2000806e0 5.949628e0 2.598625e-2 2.598625e-2
-3.8500906e0 5.949628e0 4.2269162e-2 4.2269162e-2
-3.5001007e0 5.949628e0 5.4581287e-2 5.4581287e-2
-3.1501108e0 5.949628e0 6.0839146e-2 6.0839146e-2
-2.8001208e0 5.949628e0 5.9610616e-2 5.9610616e-2
-2.4501309e0 5.949628e0 5.046943e-2 5.046943e-2
-2.100141e0 5.949628e0 3.4144662e-2 3.4144662e-2
-1.750151e0 5.949628e0 1.23893204e-2 1.23893204e-2
-1.4001611e0 5.949628e0 -1.20593797e-2 -1.20593797e-2
-1.0501712e0 5.949628e0 -3.596279e-2 -3.596279e-2
-7.001813e-1 5.949628e0 -5.5993665e-2 -5.5993665e-2
-3.501913e-1 5.949628e0 -6.9297368e-2 -6.9297368e-2
-2.014e-4 5.949628e0 -7.3974564e-2 -7.3974564e-2
3.497885e-1 5.949628e0 -6.9340799e-2 -6.9340799e-2
6.997784e-1 5.949628e0 -5.6011957e-2 -5.6011957e-2
1.0497684e0 5.949628e0 -3.5989546e-2 -3.5989546e-2
1.3997583e0 5.949628e0 -1.20877995e-2 -1.20877995e-2
1.7497482e0 5.949628e0 1.23615437e-2 1.23615437e-2
2.0997382e0 5.949628e0 3.4121689e-2 3.4121689e-2
2.4497281e0 5.949628e0 5.0480125e-2 5.0480125e-2
2.799718e0 5.949628e0 5.9603658e-2 5.9603658e-2
3.149709e0 5.949628e0 6.0839146e-2 6.0839146e-2
3.499698e0 5.949628e0 5.4589464e-2 5.4589464e-2
3.849687e0 5.949628e0 4.228364e-2 4.228364e-2
4.199678e0 5.949628e0 2.600535e-2 2.600535e-2
4.549667e0 5.949628e0 8.1521498e-3 8.1521498e-3
4.899658e0 5.949628e0 -8.8759746e-3 -8.8759746e-3
5.249648e0 5.949628e0 -2.3043188e-2 -2.3043188e-2
5.599637e0 5.949628e0 -3.2929813e-2 -3.2929813e-2
5.949628e0 5.949628e0 -3.7746126e-2 -3.7746126e-2
6.299617e0 5.949628e0 -3.7520981e-2 -3.7520981e-2
6.649608e0 5.949628e0 -3.283443e-2 -3.283443e-2
6.999597e0 5.949628e0 -2.4843947e-2 -2.4843947e-2

-7.0e0 6.299617e0 1.17630048e-3 1.17630048e-3
-6.65001e0 6.299617e0 1.5522324e-3 1.5522324e-3
-6.3000201e0 6.299617e0 1.7712149e-3 1.7712149e-3
-5.9500302e0 6.299617e0 1.779612e-3 1.779612e-3
-5.6000403e0 6.299617e0 1.5484612e-3 1.5484612e-3
-5.2500504e0 6.299617e0 1.08302383e-3 1.08302383e-3
-4.9000604e0 6.299617e0 4.166275e-4 4.166275e-4
-4.5500705e0 6.299617e0 -3.8052983e-4 -3.8052983e-4
-4.2000806e0 6.299617e0 -1.21307283e-3 -1.21307283e-3
-3.8500906e0 6.299617e0 -1.9702498e-3 -1.9702498e-3
-3.5001007e0 6.299617e0 -2.539066e-3 -2.539066e-3
-3.1501108e0 6.299617e0 -2.8247473e-3 -2.8247473e-3
-2.8001208e0 6.299617e0 -2.7623393e-3 -2.7623393e-3
-2.4501309e0 6.299617e0 -2.3354204e-3 -2.3354204e-3
-2.100141e0 6.299617e0 -1.57743265e-3 -1.57743265e-3
-1.750151e0 6.299617e0 -5.7161957e-4 -5.7161957e-4
-1.4001611e0 6.299617e0 5.5574893e-4 5.5574893e-4
-1.0501712e0 6.299617e0 1.65526189e-3 1.65526189e-3
-7.001813e-1 6.299617e0 2.5762509e-3 2.5762509e-3
-3.501913e-1 6.299617e0 3.1874348e-3 3.1874348e-3
-2.014e-4 6.299617e0 3.4017607e-3 3.4017607e-3
3.497885e-1 6.299617e0 3.1878761e-3 3.1878761e-3
6.997784e-1 6.299617e0 2.5770926e-3 2.5770926e-3
1.0497684e0 6.299617e0 1.65722978e-3 1.65722978e-3
1.3997583e0 6.299617e0 5.5705856e-4 5.5705856e-4
1.7497482e0 6.299617e0 -5.7033806e-4 -5.7033806e-4
2.0997382e0 6.299617e0 -1.57637048e-3 -1.57637048e-3
2.4497281e0 6.299617e0 -2.3346318e-3 -2.3346318e-3
2.799718e0 6.299617e0 -2.762018e-3 -2.762018e-3
3.149709e0 6.299617e0 -2.8247473e-3 -2.8247473e-3
3.499698e0 6.299617e0 -2.5394463e-3 -2.5394463e-3
3.849687e0 6.299617e0 -1.9709245e-3 -1.9709245e-3
4.199678e0 6.299617e0 -1.21396371e-3 -1.21396371e-3
4.549667e0 6.299617e0 -3.8142477e-4 -3.8142477e-4
4.899658e0 6.299617e0 4.1606227e-4 4.1606227e-4
5.249648e0 6.299617e0 1.08230458e-3 1.08230458e-3
5.599637e0 6.299617e0 1.5493434e-3 1.5493434e-3
5.949628e0 6.299617e0 1.779348e-3 1.779348e-3
6.299617e0 6.299617e0 1.7712149e-3 1.7712149e-3
6.649608e0 6.299617e0 1.552481e-3 1.552481e-3
6.999597e0 6.299617e0 1.17679514e-3 1.17679514e-3

-7.0e0 6.649608e0 2.41702473e-2 2.41702473e-2
-6.65001e0 6.649608e0 3.18627814e-2 3.18627814e-2
-6.3000201e0 6.649608e0 3.625407e-2 3.625407e-2
-5.9500302e0 6.649608e0 3.636728e-2 3.636728e-2
-5.6000403e0 6.649608e0 3.1625143e-2 3.1625143e-2
-5.2500504e0 6.649608e0 2.2056163e-2 2.2056163e-2
-4.9000604e0 6.649608e0 8.4758168e-3 8.4758168e-3
-4.5500705e0 6.649608e0 -7.7238437e-3 -7.7238437e-3
-4.2000806e0 6.649608e0 -2.4589937e-2 -2.4589937e-2
-3.8500906e0 6.649608e0 -3.9830699e-2 -3.9830699e-2
-3.5001007e0 6.649608e0 -5.1268958e-2 -5.1268958e-2
-3.1501108e0 6.649608e0 -5.693728e-2 -5.693728e-2
-2.8001208e0 6.649608e0 -5.557186e-2 -5.557186e-2
-2.4501309e0 6.649608e0 -4.6920367e-2 -4.6920367e-2
-2.100141e0 6.649608e0 -3.1644797e-2 -3.1644797e-2
-1.750151e0 6.649608e0 -1.14539499e-2 -1.14539499e-2
-1.4001611e0 6.649608e0 1.11273985e-2 1.11273985e-2
-1.0501712e0 6.649608e0 3.3115736e-2 3.3115736e-2
-7.001813e-1 6.649608e0 5.1488338e-2 5.1488338e-2
-3.501913e-1 6.649608e0 6.368114e-2 6.368114e-2
-2.014e-4 6.649608e0 6.7974895e-2 6.7974895e-2
3.497885e-1 6.649608e0 6.3689977e-2 6.3689977e-2
6.997784e-1 6.649608e0 5.1505173e-2 5.1505173e-2
1.0497684e0 6.649608e0 3.3140378e-2 3.3140378e-2
1.3997583e0 6.649608e0 1.11536214e-2 1.11536214e-2
1.7497482e0 6.649608e0 -1.14282698e-2 -1.14282698e-2
2.0997382e0 6.649608e0 -3.1623495e-2 -3.1623495e-2
2.4497281e0 6.649608e0 -4.6904541e-2 -4.6904541e-2
2.799718e0 6.649608e0 -5.5599164e-2 -5.5599164e-2
3.149709e0 6.649608e0 -5.693728e-2 -5.693728e-2
3.499698e0 6.649608e0 -5.127663e-2 -5.127663e-2
3.849687e0 6.649608e0 -3.9844327e-2 -3.9844327e-2
4.199678e0 6.649608e0 -2.4608012e-2 -2.4608012e-2
4.549667e0 6.649608e0 -7.7420135e-3 -7.7420135e-3
4.899658e0 6.649608e0 8.458097e-3 8.458097e-3
5.249648e0 6.649608e0 2.2041525e-2 2.2041525e-2
5.599637e0 6.649608e0 3.1614532e-2 3.1614532e-2
5.949628e0 6.649608e0 3.6361903e-2 3.6361903e-2
6.299617e0 6.649608e0 3.625407e-2 3.625407e-2
6.649608e0 6.649608e0 3.1869925e-2 3.1869925e-2
6.999597e0 6.649608e0 2.41803992e-2 2.41803992e-2

-7.0e0 6.999597e0 4.16780574e-2 4.16780574e-2
-6.65001e0 6.999597e0 5.48560112e-2 5.48560112e-2
-6.3000201e0 6.999597e0 6.23545865e-2 6.23545865e-2
-5.9500302e0 6.999597e0 6.2440324e-2 6.2440324e-2
-5.6000403e0 6.999597e0 5.4148235e-2 5.4148235e-2
-5.2500504e0 6.999597e0 3.7734612e-2 3.7734612e-2
-4.9000604e0 6.999597e0 1.4470128e-2 1.4470128e-2
-4.5500705e0 6.999597e0 -1.3160104e-2 -1.3160104e-2
-4.2000806e0 6.999597e0 -4.1821642e-2 -4.1821642e-2
-3.8500906e0 6.999597e0 -6.7678178e-2 -6.7678178e-2
-3.5001007e0 6.999597e0 -8.6903128e-2 -8.6903128e-2
-3.1501108e0 6.999597e0 -9.634698e-2 -9.634698e-2
-2.8001208e0 6.999597e0 -9.3935701e-2 -9.3935701e-2
-2.4501309e0 6.999597e0 -7.9225674e-2 -7.9225674e-2
-2.100141e0 6.999597e0 -5.3361823e-2 -5.3361823e-2
-1.750151e0 6.999597e0 -1.9284511e-2 -1.9284511e-2
-1.4001611e0 6.999597e0 1.8711554e-2 1.8711554e-2
-1.0501712e0 6.999597e0 5.5666862e-2 5.5666862e-2
-7.001813e-1 6.999597e0 8.6537799e-2 8.6537799e-2
-3.501913e-1 6.999597e0 1.06973874e-1 1.06973874e-1
-2.014e-4 6.999597e0 1.14148372e-1 1.14148372e-1
3.497885e-1 6.999597e0 1.06988693e-1 1.06988693e-1
6.997784e-1 6.999597e0 8.6566066e-2 8.6566066e-2
1.0497684e0 6.999597e0 5.5708289e-2 5.5708289e-2
1.3997583e0 6.999597e0 1.8755652e-2 1.8755652e-2
1.7497482e0 6.999597e0 -1.9252977e-2 -1.9252977e-2
2.0997382e0 6.999597e0 -5.3325897e-2 -5.3325897e-2
2.4497281e0 6.999597e0 -7.919893e-2 -7.919893e-2
2.799718e0 6.999597e0 -9.3924744e-2 -9.3924744e-2
3.149709e0 6.999597e0 -9.634698e-2 -9.634698e-2
3.499698e0 6.999597e0 -8.6916132e-2 -8.6916132e-2
3.849687e0 6.999597e0 -6.7701353e-2 -6.7701353e-2
4.199678e0 6.999597e0 -4.1852351e-2 -4.1852351e-2
4.549667e0 6.999597e0 -1.3191063e-2 -1.3191063e-2
4.899658e0 6.999597e0 1.4439865e-2 1.4439865e-2
5.249648e0 6.999597e0 3.7709546e-2 3.7709546e-2
5.599637e0 6.999597e0 5.4130081e-2 5.4130081e-2
5.949628e0 6.999597e0 6.2431067e-2 6.2431067e-2
6.299617e0 6.999597e0 6.23583536e-2 6.23583536e-2
6.649608e0 6.999597e0 5.48689537e-2 5.48689537e-2
6.999597e0 6.999597e0 4.16956459e-2 4.16956459e-2
