-7.0e0 -2.0e0 5.57053513e0 5.57053513e0
-6.65001e0 -2.0e0 6.89738664e0 6.89738664e0
-6.3000201e0 -2.0e0 7.38794655e0 7.38794655e0
-5.9500302e0 -2.0e0 6.98258243e0 6.98258243e0
-5.6000403e0 -2.0e0 5.73065536e0 5.73065536e0
-5.2500504e0 -2.0e0 3.78393549e0 3.78393549e0
-4.9000604e0 -2.0e0 1.37842809e0 1.37842809e0
-4.5500705e0 -2.0e0 -1.19399712e0 -1.19399712e0
-4.2000806e0 -2.0e0 -3.62181961e0 -3.62181961e0
-3.8500906e0 -2.0e0 -5.61058322e0 -5.61058322e0
-3.5001007e0 -2.0e0 -6.91888881e0 -6.91888881e0
-3.1501108e0 -2.0e0 -7.38846407e0 -7.38846407e0
-2.8001208e0 -2.0e0 -6.96204086e0 -6.96204086e0
-2.4501309e0 -2.0e0 -5.69149347e0 -5.69149347e0
-2.100141e0 -2.0e0 -3.7310296e0 -3.7310296e0
-1.750151e0 -2.0e0 -1.31805942e0 -1.31805942e0
-1.4001611e0 -2.0e0 1.25451349e0 1.25451349e0
-1.0501712e0 -2.0e0 3.67524188e0 3.67524188e0
-7.001813e-1 -2.0e0 5.65041034e0 5.65041034e0
-3.501913e-1 -2.0e0 6.94046541e0 6.94046541e0
-2.014e-4 -2.0e0 7.38890717e0 7.38890717e0
3.497885e-1 -2.0e0 6.94142603e0 6.94142603e0
6.997784e-1 -2.0e0 5.65225716e0 5.65225716e0
1.0497684e0 -2.0e0 3.67797601e0 3.67797601e0
1.3997583e0 -2.0e0 1.25746974e0 1.25746974e0
1.7497482e0 -2.0e0 -1.31510428e0 -1.31510428e0
2.0997382e0 -2.0e0 -3.72851758e0 -3.72851758e0
2.4497281e0 -2.0e0 -5.68957225e0 -5.68957225e0
2.799718e0 -2.0e0 -6.96122908e0 -6.96122908e0
3.149709e0 -2.0e0 -7.38846407e0 -7.38846407e0
3.499698e0 -2.0e0 -6.91992384e0 -6.91992384e0
3.849687e0 -2.0e0 -5.61250446e0 -5.61250446e0
4.199678e0 -2.0e0 -3.62447932e0 -3.62447932e0
4.549667e0 -2.0e0 -1.19680566e0 -1.19680566e0
4.899658e0 -2.0e0 1.37554625e0 1.37554625e0
5.249648e0 -2.0e0 3.78142233e0 3.78142233e0
5.599637e0 -2.0e0 5.72873415e0 5.72873415e0
5.949628e0 -2.0e0 6.98154854e0 6.98154854e0
6.299617e0 -2.0e0 7.38794655e0 7.38794655e0
6.649608e0 -2.0e0 6.89849495e0 6.89849495e0
6.999597e0 -2.0e0 5.57245523e0 5.57245523e0

-7.0e0 -1.9e0 5.03971765e0 5.03971765e0
-6.65001e0 -1.9e0 6.2401332e0 6.2401332e0
-6.3000201e0 -1.9e0 6.68394754e0 6.68394754e0
-5.9500302e0 -1.9e0 6.31721066e0 6.31721066e0
-5.6000403e0 -1.9e0 5.18458e0 5.18458e0
-5.2500504e0 -1.9e0 3.42336346e0 3.42336346e0
-4.9000604e0 -1.9e0 1.24707738e0 1.24707738e0
-4.5500705e0 -1.9e0 -1.08022087e0 -1.08022087e0
-4.2000806e0 -1.9e0 -3.27669565e0 -3.27669565e0
-3.8500906e0 -1.9e0 -5.07594955e0 -5.07594955e0
-3.5001007e0 -1.9e0 -6.25958643e0 -6.25958643e0
-3.1501108e0 -1.9e0 -6.68441574e0 -6.68441574e0
-2.8001208e0 -1.9e0 -6.29862651e0 -6.29862651e0
-2.4501309e0 -1.9e0 -5.14914984e0 -5.14914984e0
-2.100141e0 -1.9e0 -3.375499e0 -3.375499e0
-1.750151e0 -1.9e0 -1.19246124e0 -1.19246124e0
-1.4001611e0 -1.9e0 1.13497064e0 1.13497064e0
-1.0501712e0 -1.9e0 3.3250273e0 3.3250273e0
-7.001813e-1 -1.9e0 5.11198154e0 5.11198154e0
-3.501913e-1 -1.9e0 6.27910698e0 6.27910698e0
-2.014e-4 -1.9e0 6.68481662e0 6.68481662e0
3.497885e-1 -1.9e0 6.27997606e0 6.27997606e0
6.997784e-1 -1.9e0 5.11365236e0 5.11365236e0
1.0497684e0 -1.9e0 3.3275009e0 3.3275009e0
1.3997583e0 -1.9e0 1.13764519e0 1.13764519e0
1.7497482e0 -1.9e0 -1.18978772e0 -1.18978772e0
2.0997382e0 -1.9e0 -3.37322633e0 -3.37322633e0
2.4497281e0 -1.9e0 -5.1474117e0 -5.1474117e0
2.799718e0 -1.9e0 -6.29789207e0 -6.29789207e0
3.149709e0 -1.9e0 -6.68441574e0 -6.68441574e0
3.499698e0 -1.9e0 -6.26052283e0 -6.26052283e0
3.849687e0 -1.9e0 -5.07768771e0 -5.07768771e0
4.199678e0 -1.9e0 -3.27910193e0 -3.27910193e0
4.549667e0 -1.9e0 -1.0827618e0 -1.0827618e0
4.899658e0 -1.9e0 1.24447015e0 1.24447015e0
5.249648e0 -1.9e0 3.4210898e0 3.4210898e0
5.599637e0 -1.9e0 5.18284184e0 5.18284184e0
5.949628e0 -1.9e0 6.31627528e0 6.31627528e0
6.299617e0 -1.9e0 6.68394754e0 6.68394754e0
6.649608e0 -1.9e0 6.2411359e0 6.2411359e0
6.999597e0 -1.9e0 5.04145477e0 5.04145477e0

-7.0e0 -1.8e0 4.56018254e0 4.56018254e0
-6.65001e0 -1.8e0 5.64637714e0 5.64637714e0
-6.3000201e0 -1.8e0 6.04796202e0 6.04796202e0
-5.9500302e0 -1.8e0 5.71612059e0 5.71612059e0
-5.6000403e0 -1.8e0 4.69126108e0 4.69126108e0
-5.2500504e0 -1.8e0 3.09762637e0 3.09762637e0
-4.9000604e0 -1.8e0 1.12841649e0 1.12841649e0
-4.5500705e0 -1.8e0 -9.7743658e-1 -9.7743658e-1
-4.2000806e0 -1.8e0 -2.96491417e0 -2.96491417e0
-3.8500906e0 -1.8e0 -4.59296695e0 -4.59296695e0
-3.5001007e0 -1.8e0 -5.66397935e0 -5.66397935e0
-3.1501108e0 -1.8e0 -6.04838567e0 -6.04838567e0
-2.8001208e0 -1.8e0 -5.69930473e0 -5.69930473e0
-2.4501309e0 -1.8e0 -4.65920213e0 -4.65920213e0
-2.100141e0 -1.8e0 -3.05431627e0 -3.05431627e0
-1.750151e0 -1.8e0 -1.07899715e0 -1.07899715e0
-1.4001611e0 -1.8e0 1.02697684e0 1.02697684e0
-1.0501712e0 -1.8e0 3.008647e0 3.008647e0
-7.001813e-1 -1.8e0 4.62557043e0 4.62557043e0
-3.501913e-1 -1.8e0 5.68164252e0 5.68164252e0
-2.014e-4 -1.8e0 6.0487484e0 6.0487484e0
3.497885e-1 -1.8e0 5.6824289e0 5.6824289e0
6.997784e-1 -1.8e0 4.62708229e0 4.62708229e0
1.0497684e0 -1.8e0 3.01088524e0 3.01088524e0
1.3997583e0 -1.8e0 1.0293969e0 1.0293969e0
1.7497482e0 -1.8e0 -1.076578e0 -1.076578e0
2.0997382e0 -1.8e0 -3.05225986e0 -3.05225986e0
2.4497281e0 -1.8e0 -4.65762938e0 -4.65762938e0
2.799718e0 -1.8e0 -5.69864018e0 -5.69864018e0
3.149709e0 -1.8e0 -6.04838567e0 -6.04838567e0
3.499698e0 -1.8e0 -5.66482666e0 -5.66482666e0
3.849687e0 -1.8e0 -4.5945397e0 -4.5945397e0
4.199678e0 -1.8e0 -2.96709149e0 -2.96709149e0
4.549667e0 -1.8e0 -9.7973573e-1 -9.7973573e-1
4.899658e0 -1.8e0 1.12605734e0 1.12605734e0
5.249648e0 -1.8e0 3.09556905e0 3.09556905e0
5.599637e0 -1.8e0 4.68968831e0 4.68968831e0
5.949628e0 -1.8e0 5.71527422e0 5.71527422e0
6.299617e0 -1.8e0 6.04796202e0 6.04796202e0
6.649608e0 -1.8e0 5.64728442e0 5.64728442e0
6.999597e0 -1.8e0 4.56175438e0 4.56175438e0

-7.0e0 -1.7e0 4.12627357e0 4.12627357e0
-6.65001e0 -1.7e0 5.10911493e0 5.10911493e0
-6.3000201e0 -1.7e0 5.47248836e0 5.47248836e0
-5.9500302e0 -1.7e0 5.17222218e0 5.17222218e0
-5.6000403e0 -1.7e0 4.24487976e0 4.24487976e0
-5.2500504e0 -1.7e0 2.80288206e0 2.80288206e0
-4.9000604e0 -1.7e0 1.02104578e0 1.02104578e0
-4.5500705e0 -1.7e0 -8.8443185e-1 -8.8443185e-1
-4.2000806e0 -1.7e0 -2.68279765e0 -2.68279765e0
-3.8500906e0 -1.7e0 -4.15593848e0 -4.15593848e0
-3.5001007e0 -1.7e0 -5.12504228e0 -5.12504228e0
-3.1501108e0 -1.7e0 -5.47287169e0 -5.47287169e0
-2.8001208e0 -1.7e0 -5.1570064e0 -5.1570064e0
-2.4501309e0 -1.7e0 -4.21587129e0 -4.21587129e0
-2.100141e0 -1.7e0 -2.76369298e0 -2.76369298e0
-1.750151e0 -1.7e0 -9.7632877e-1 -9.7632877e-1
-1.4001611e0 -1.7e0 9.2925827e-1 9.2925827e-1
-1.0501712e0 -1.7e0 2.72236923e0 2.72236923e0
-7.001813e-1 -1.7e0 4.1854397e0 4.1854397e0
-3.501913e-1 -1.7e0 5.14102475e0 5.14102475e0
-2.014e-4 -1.7e0 5.4731999e0 5.4731999e0
3.497885e-1 -1.7e0 5.14173631e0 5.14173631e0
6.997784e-1 -1.7e0 4.1868077e0 4.1868077e0
1.0497684e0 -1.7e0 2.7243945e0 2.7243945e0
1.3997583e0 -1.7e0 9.3144807e-1 9.3144807e-1
1.7497482e0 -1.7e0 -9.7413982e-1 -9.7413982e-1
2.0997382e0 -1.7e0 -2.76183224e0 -2.76183224e0
2.4497281e0 -1.7e0 -4.21444818e0 -4.21444818e0
2.799718e0 -1.7e0 -5.15640508e0 -5.15640508e0
3.149709e0 -1.7e0 -5.47287169e0 -5.47287169e0
3.499698e0 -1.7e0 -5.12580896e0 -5.12580896e0
3.849687e0 -1.7e0 -4.1573616e0 -4.1573616e0
4.199678e0 -1.7e0 -2.68476779e0 -2.68476779e0
4.549667e0 -1.7e0 -8.8651224e-1 -8.8651224e-1
4.899658e0 -1.7e0 1.0189111e0 1.0189111e0
5.249648e0 -1.7e0 2.8010205e0 2.8010205e0
5.599637e0 -1.7e0 4.24345665e0 4.24345665e0
5.949628e0 -1.7e0 5.17145634e0 5.17145634e0
6.299617e0 -1.7e0 5.47248836e0 5.47248836e0
6.649608e0 -1.7e0 5.1099359e0 5.1099359e0
6.999597e0 -1.7e0 4.12769585e0 4.12769585e0

-7.0e0 -1.6e0 3.73362518e0 3.73362518e0
-6.65001e0 -1.6e0 4.62294121e0 4.62294121e0
-6.3000201e0 -1.6e0 4.95173671e0 4.95173671e0
-5.9500302e0 -1.6e0 4.68004329e0 4.68004329e0
-5.6000403e0 -1.6e0 3.84094502e0 3.84094502e0
-5.2500504e0 -1.6e0 2.5361651e0 2.5361651e0
-4.9000604e0 -1.6e0 9.23885e-1 9.23885e-1
-4.5500705e0 -1.6e0 -8.00271e-1 -8.00271e-1
-4.2000806e0 -1.6e0 -2.42750769e0 -2.42750769e0
-3.8500906e0 -1.6e0 -3.76046722e0 -3.76046722e0
-3.5001007e0 -1.6e0 -4.63735295e0 -4.63735295e0
-3.1501108e0 -1.6e0 -4.95208357e0 -4.95208357e0
-2.8001208e0 -1.6e0 -4.6662754e0 -4.6662754e0
-2.4501309e0 -1.6e0 -3.81469695e0 -3.81469695e0
-2.100141e0 -1.6e0 -2.50070518e0 -2.50070518e0
-1.750151e0 -1.6e0 -8.8342317e-1 -8.8342317e-1
-1.4001611e0 -1.6e0 8.4083182e-1 8.4083182e-1
-1.0501712e0 -1.6e0 2.46331372e0 2.46331372e0
-7.001813e-1 -1.6e0 3.78716116e0 3.78716116e0
-3.501913e-1 -1.6e0 4.65181456e0 4.65181456e0
-2.014e-4 -1.6e0 4.95238055e0 4.95238055e0
3.497885e-1 -1.6e0 4.6524584e0 4.6524584e0
6.997784e-1 -1.6e0 3.78839899e0 3.78839899e0
1.0497684e0 -1.6e0 2.46514627e0 2.46514627e0
1.3997583e0 -1.6e0 8.4281323e-1 8.4281323e-1
1.7497482e0 -1.6e0 -8.814425e-1 -8.814425e-1
2.0997382e0 -1.6e0 -2.49902151e0 -2.49902151e0
2.4497281e0 -1.6e0 -3.81340926e0 -3.81340926e0
2.799718e0 -1.6e0 -4.66573131e0 -4.66573131e0
3.149709e0 -1.6e0 -4.95208357e0 -4.95208357e0
3.499698e0 -1.6e0 -4.63804666e0 -4.63804666e0
3.849687e0 -1.6e0 -3.76175493e0 -3.76175493e0
4.199678e0 -1.6e0 -2.42929036e0 -2.42929036e0
4.549667e0 -1.6e0 -8.0215341e-1 -8.0215341e-1
4.899658e0 -1.6e0 9.2195345e-1 9.2195345e-1
5.249648e0 -1.6e0 2.53448067e0 2.53448067e0
5.599637e0 -1.6e0 3.83965733e0 3.83965733e0
5.949628e0 -1.6e0 4.67935033e0 4.67935033e0
6.299617e0 -1.6e0 4.95173671e0 4.95173671e0
6.649608e0 -1.6e0 4.62368405e0 4.62368405e0
6.999597e0 -1.6e0 3.73491211e0 3.73491211e0

-7.0e0 -1.5e0 3.37827211e0 3.37827211e0
-6.65001e0 -1.5e0 4.18294624e0 4.18294624e0
-6.3000201e0 -1.5e0 4.48044815e0 4.48044815e0
-5.9500302e0 -1.5e0 4.23461354e0 4.23461354e0
-5.6000403e0 -1.5e0 3.47537764e0 3.47537764e0
-5.2500504e0 -1.5e0 2.294782e0 2.294782e0
-4.9000604e0 -1.5e0 8.3595293e-1 8.3595293e-1
-4.5500705e0 -1.5e0 -7.2410406e-1 -7.2410406e-1
-4.2000806e0 -1.5e0 -2.1964662e0 -2.1964662e0
-3.8500906e0 -1.5e0 -3.40255943e0 -3.40255943e0
-3.5001007e0 -1.5e0 -4.19598631e0 -4.19598631e0
-3.1501108e0 -1.5e0 -4.480762e0 -4.480762e0
-2.8001208e0 -1.5e0 -4.22215604e0 -4.22215604e0
-2.4501309e0 -1.5e0 -3.45162776e0 -3.45162776e0
-2.100141e0 -1.5e0 -2.26269702e0 -2.26269702e0
-1.750151e0 -1.5e0 -7.9934212e-1 -7.9934212e-1
-1.4001611e0 -1.5e0 7.6080446e-1 7.6080446e-1
-1.0501712e0 -1.5e0 2.22886435e0 2.22886435e0
-7.001813e-1 -1.5e0 3.42671274e0 3.42671274e0
-3.501913e-1 -1.5e0 4.20907152e0 4.20907152e0
-2.014e-4 -1.5e0 4.48103072e0 4.48103072e0
3.497885e-1 -1.5e0 4.20965408e0 4.20965408e0
6.997784e-1 -1.5e0 3.42783275e0 3.42783275e0
1.0497684e0 -1.5e0 2.23052248e0 2.23052248e0
1.3997583e0 -1.5e0 7.6259729e-1 7.6259729e-1
1.7497482e0 -1.5e0 -7.9754997e-1 -7.9754997e-1
2.0997382e0 -1.5e0 -2.2611736e0 -2.2611736e0
2.4497281e0 -1.5e0 -3.45046263e0 -3.45046263e0
2.799718e0 -1.5e0 -4.22166373e0 -4.22166373e0
3.149709e0 -1.5e0 -4.480762e0 -4.480762e0
3.499698e0 -1.5e0 -4.19661401e0 -4.19661401e0
3.849687e0 -1.5e0 -3.40372458e0 -3.40372458e0
4.199678e0 -1.5e0 -2.19807921e0 -2.19807921e0
4.549667e0 -1.5e0 -7.2580733e-1 -7.2580733e-1
4.899658e0 -1.5e0 8.3420523e-1 8.3420523e-1
5.249648e0 -1.5e0 2.29325789e0 2.29325789e0
5.599637e0 -1.5e0 3.47421251e0 3.47421251e0
5.949628e0 -1.5e0 4.23398654e0 4.23398654e0
6.299617e0 -1.5e0 4.48044815e0 4.48044815e0
6.649608e0 -1.5e0 4.18361838e0 4.18361838e0
6.999597e0 -1.5e0 3.37943657e0 3.37943657e0

-7.0e0 -1.4e0 3.05682086e0 3.05682086e0
-6.65001e0 -1.4e0 3.78492819e0 3.78492819e0
-6.3000201e0 -1.4e0 4.05412204e0 4.05412204e0
-5.9500302e0 -1.4e0 3.83167921e0 3.83167921e0
-5.6000403e0 -1.4e0 3.14468655e0 3.14468655e0
-5.2500504e0 -1.4e0 2.07642761e0 2.07642761e0
-4.9000604e0 -1.4e0 7.5640987e-1 7.5640987e-1
-4.5500705e0 -1.4e0 -6.552037e-1 -6.552037e-1
-4.2000806e0 -1.4e0 -1.98746683e0 -1.98746683e0
-3.8500906e0 -1.4e0 -3.0787972e0 -3.0787972e0
-3.5001007e0 -1.4e0 -3.79672746e0 -3.79672746e0
-3.1501108e0 -1.4e0 -4.05440602e0 -4.05440602e0
-2.8001208e0 -1.4e0 -3.82040707e0 -3.82040707e0
-2.4501309e0 -1.4e0 -3.12319653e0 -3.12319653e0
-2.100141e0 -1.4e0 -2.0473956e0 -2.0473956e0
-1.750151e0 -1.4e0 -7.2328267e-1 -7.2328267e-1
-1.4001611e0 -1.4e0 6.8841196e-1 6.8841196e-1
-1.0501712e0 -1.4e0 2.0167822e0 2.0167822e0
-7.001813e-1 -1.4e0 3.10065225e0 3.10065225e0
-3.501913e-1 -1.4e0 3.80856758e0 3.80856758e0
-2.014e-4 -1.4e0 4.05464917e0 4.05464917e0
3.497885e-1 -1.4e0 3.80909471e0 3.80909471e0
6.997784e-1 -1.4e0 3.10166568e0 3.10166568e0
1.0497684e0 -1.4e0 2.01828255e0 2.01828255e0
1.3997583e0 -1.4e0 6.900342e-1 6.900342e-1
1.7497482e0 -1.4e0 -7.2166104e-1 -7.2166104e-1
2.0997382e0 -1.4e0 -2.04601714e0 -2.04601714e0
2.4497281e0 -1.4e0 -3.12214227e0 -3.12214227e0
2.799718e0 -1.4e0 -3.81996161e0 -3.81996161e0
3.149709e0 -1.4e0 -4.05440602e0 -4.05440602e0
3.499698e0 -1.4e0 -3.79729544e0 -3.79729544e0
3.849687e0 -1.4e0 -3.07985146e0 -3.07985146e0
4.199678e0 -1.4e0 -1.98892635e0 -1.98892635e0
4.549667e0 -1.4e0 -6.567449e-1 -6.567449e-1
4.899658e0 -1.4e0 7.5482846e-1 7.5482846e-1
5.249648e0 -1.4e0 2.07504852e0 2.07504852e0
5.599637e0 -1.4e0 3.14363228e0 3.14363228e0
5.949628e0 -1.4e0 3.83111188e0 3.83111188e0
6.299617e0 -1.4e0 4.05412204e0 4.05412204e0
6.649608e0 -1.4e0 3.78553638e0 3.78553638e0
6.999597e0 -1.4e0 3.05787451e0 3.05787451e0

-7.0e0 -1.3e0 2.76598491e0 2.76598491e0
-6.65001e0 -1.3e0 3.4248177e0 3.4248177e0
-6.3000201e0 -1.3e0 3.66839957e0 3.66839957e0
-5.9500302e0 -1.3e0 3.46712068e0 3.46712068e0
-5.6000403e0 -1.3e0 2.84549075e0 2.84549075e0
-5.2500504e0 -1.3e0 1.87886948e0 1.87886948e0
-4.9000604e0 -1.3e0 6.8444255e-1 6.8444255e-1
-4.5500705e0 -1.3e0 -5.9286548e-1 -5.9286548e-1
-4.2000806e0 -1.3e0 -1.79837271e0 -1.79837271e0
-3.8500906e0 -1.3e0 -2.78587033e0 -2.78587033e0
-3.5001007e0 -1.3e0 -3.43549435e0 -3.43549435e0
-3.1501108e0 -1.3e0 -3.66865652e0 -3.66865652e0
-2.8001208e0 -1.3e0 -3.45692102e0 -3.45692102e0
-2.4501309e0 -1.3e0 -2.82604536e0 -2.82604536e0
-2.100141e0 -1.3e0 -1.85259967e0 -1.85259967e0
-1.750151e0 -1.3e0 -6.5446718e-1 -6.5446718e-1
-1.4001611e0 -1.3e0 6.2291418e-1 6.2291418e-1
-1.0501712e0 -1.3e0 1.82489893e0 1.82489893e0
-7.001813e-1 -1.3e0 2.80564601e0 2.80564601e0
-3.501913e-1 -1.3e0 3.44620796e0 3.44620796e0
-2.014e-4 -1.3e0 3.66887654e0 3.66887654e0
3.497885e-1 -1.3e0 3.44668495e0 3.44668495e0
6.997784e-1 -1.3e0 2.80656303e0 2.80656303e0
1.0497684e0 -1.3e0 1.82625653e0 1.82625653e0
1.3997583e0 -1.3e0 6.2438208e-1 6.2438208e-1
1.7497482e0 -1.3e0 -6.5299985e-1 -6.5299985e-1
2.0997382e0 -1.3e0 -1.85135236e0 -1.85135236e0
2.4497281e0 -1.3e0 -2.82509142e0 -2.82509142e0
2.799718e0 -1.3e0 -3.45651793e0 -3.45651793e0
3.149709e0 -1.3e0 -3.66865652e0 -3.66865652e0
3.499698e0 -1.3e0 -3.43600829e0 -3.43600829e0
3.849687e0 -1.3e0 -2.78682428e0 -2.78682428e0
4.199678e0 -1.3e0 -1.79969336e0 -1.79969336e0
4.549667e0 -1.3e0 -5.9426004e-1 -5.9426004e-1
4.899658e0 -1.3e0 6.8301161e-1 6.8301161e-1
5.249648e0 -1.3e0 1.8776216e0 1.8776216e0
5.599637e0 -1.3e0 2.8445368e0 2.8445368e0
5.949628e0 -1.3e0 3.46660732e0 3.46660732e0
6.299617e0 -1.3e0 3.66839957e0 3.66839957e0
6.649608e0 -1.3e0 3.42536803e0 3.42536803e0
6.999597e0 -1.3e0 2.76693831e0 2.76693831e0

-7.0e0 -1.2e0 2.5027342e0 2.5027342e0
-6.65001e0 -1.2e0 3.09886305e0 3.09886305e0
-6.3000201e0 -1.2e0 3.31926218e0 3.31926218e0
-5.9500302e0 -1.2e0 3.13713988e0 3.13713988e0
-5.6000403e0 -1.2e0 2.57467316e0 2.57467316e0
-5.2500504e0 -1.2e0 1.70004938e0 1.70004938e0
-4.9000604e0 -1.2e0 6.1930121e-1 6.1930121e-1
-4.5500705e0 -1.2e0 -5.3643993e-1 -5.3643993e-1
-4.2000806e0 -1.2e0 -1.62721384e0 -1.62721384e0
-3.8500906e0 -1.2e0 -2.52072705e0 -2.52072705e0
-3.5001007e0 -1.2e0 -3.10852357e0 -3.10852357e0
-3.1501108e0 -1.2e0 -3.31949469e0 -3.31949469e0
-2.8001208e0 -1.2e0 -3.12791095e0 -3.12791095e0
-2.4501309e0 -1.2e0 -2.55707846e0 -2.55707846e0
-2.100141e0 -1.2e0 -1.67627979e0 -1.67627979e0
-1.750151e0 -1.2e0 -5.9217873e-1 -5.9217873e-1
-1.4001611e0 -1.2e0 5.6362877e-1 5.6362877e-1
-1.0501712e0 -1.2e0 1.65121544e0 1.65121544e0
-7.001813e-1 -1.2e0 2.5386206e0 2.5386206e0
-3.501913e-1 -1.2e0 3.11821751e0 3.11821751e0
-2.014e-4 -1.2e0 3.31969377e0 3.31969377e0
3.497885e-1 -1.2e0 3.1186491e0 3.1186491e0
6.997784e-1 -1.2e0 2.53945035e0 2.53945035e0
1.0497684e0 -1.2e0 1.65244383e0 1.65244383e0
1.3997583e0 -1.2e0 5.6495695e-1 5.6495695e-1
1.7497482e0 -1.2e0 -5.9085104e-1 -5.9085104e-1
2.0997382e0 -1.2e0 -1.67515118e0 -1.67515118e0
2.4497281e0 -1.2e0 -2.5562153e0 -2.5562153e0
2.799718e0 -1.2e0 -3.12754623e0 -3.12754623e0
3.149709e0 -1.2e0 -3.31949469e0 -3.31949469e0
3.499698e0 -1.2e0 -3.10898859e0 -3.10898859e0
3.849687e0 -1.2e0 -2.52159023e0 -2.52159023e0
4.199678e0 -1.2e0 -1.6284088e0 -1.6284088e0
4.549667e0 -1.2e0 -5.3770175e-1 -5.3770175e-1
4.899658e0 -1.2e0 6.1800645e-1 6.1800645e-1
5.249648e0 -1.2e0 1.69892027e0 1.69892027e0
5.599637e0 -1.2e0 2.57380998e0 2.57380998e0
5.949628e0 -1.2e0 3.13667537e0 3.13667537e0
6.299617e0 -1.2e0 3.31926218e0 3.31926218e0
6.649608e0 -1.2e0 3.099361e0 3.099361e0
6.999597e0 -1.2e0 2.50359688e0 2.50359688e0

-7.0e0 -1.1e0 2.26460245e0 2.26460245e0
-6.65001e0 -1.1e0 2.80401044e0 2.80401044e0
-6.3000201e0 -1.1e0 3.00343889e0 3.00343889e0
-5.9500302e0 -1.1e0 2.83864528e0 2.83864528e0
-5.6000403e0 -1.1e0 2.3296965e0 2.3296965e0
-5.2500504e0 -1.1e0 1.53829199e0 1.53829199e0
-4.9000604e0 -1.1e0 5.6037553e-1 5.6037553e-1
-4.5500705e0 -1.1e0 -4.8539839e-1 -4.8539839e-1
-4.2000806e0 -1.1e0 -1.47238664e0 -1.47238664e0
-3.8500906e0 -1.1e0 -2.2808833e0 -2.2808833e0
-3.5001007e0 -1.1e0 -2.81275177e0 -2.81275177e0
-3.1501108e0 -1.1e0 -3.00364928e0 -3.00364928e0
-2.8001208e0 -1.1e0 -2.83029448e0 -2.83029448e0
-2.4501309e0 -1.1e0 -2.31377592e0 -2.31377592e0
-2.100141e0 -1.1e0 -1.51678404e0 -1.51678404e0
-1.750151e0 -1.1e0 -5.3583372e-1 -5.3583372e-1
-1.4001611e0 -1.1e0 5.1000024e-1 5.1000024e-1
-1.0501712e0 -1.1e0 1.49410452e0 1.49410452e0
-7.001813e-1 -1.1e0 2.29707431e0 2.29707431e0
-3.501913e-1 -1.1e0 2.82152336e0 2.82152336e0
-2.014e-4 -1.1e0 3.0038294e0 3.0038294e0
3.497885e-1 -1.1e0 2.82191388e0 2.82191388e0
6.997784e-1 -1.1e0 2.29782509e0 2.29782509e0
1.0497684e0 -1.1e0 1.49521605e0 1.49521605e0
1.3997583e0 -1.1e0 5.1120206e-1 5.1120206e-1
1.7497482e0 -1.1e0 -5.3463237e-1 -5.3463237e-1
2.0997382e0 -1.1e0 -1.51576282e0 -1.51576282e0
2.4497281e0 -1.1e0 -2.31299489e0 -2.31299489e0
2.799718e0 -1.1e0 -2.82996446e0 -2.82996446e0
3.149709e0 -1.1e0 -3.00364928e0 -3.00364928e0
3.499698e0 -1.1e0 -2.81317255e0 -2.81317255e0
3.849687e0 -1.1e0 -2.28166434e0 -2.28166434e0
4.199678e0 -1.1e0 -1.47346791e0 -1.47346791e0
4.549667e0 -1.1e0 -4.8654016e-1 -4.8654016e-1
4.899658e0 -1.1e0 5.5920398e-1 5.5920398e-1
5.249648e0 -1.1e0 1.53727031e0 1.53727031e0
5.599637e0 -1.1e0 2.32891545e0 2.32891545e0
5.949628e0 -1.1e0 2.83822498e0 2.83822498e0
6.299617e0 -1.1e0 3.00343889e0 3.00343889e0
6.649608e0 -1.1e0 2.80446101e0 2.80446101e0
6.999597e0 -1.1e0 2.26538303e0 2.26538303e0

-7.0e0 -1.0e0 2.04928548e0 2.04928548e0
-6.65001e0 -1.0e0 2.5374069e0 2.5374069e0
-6.3000201e0 -1.0e0 2.71787383e0 2.71787383e0
-5.9500302e0 -1.0e0 2.56874869e0 2.56874869e0
-5.6000403e0 -1.0e0 2.10819043e0 2.10819043e0
-5.2500504e0 -1.0e0 1.39203217e0 1.39203217e0
-4.9000604e0 -1.0e0 5.0709538e-1 5.0709538e-1
-4.5500705e0 -1.0e0 -4.3924701e-1 -4.3924701e-1
-4.2000806e0 -1.0e0 -1.33239305e0 -1.33239305e0
-3.8500906e0 -1.0e0 -2.06401836e0 -2.06401836e0
-3.5001007e0 -1.0e0 -2.54531711e0 -2.54531711e0
-3.1501108e0 -1.0e0 -2.71806421e0 -2.71806421e0
-2.8001208e0 -1.0e0 -2.56119186e0 -2.56119186e0
-2.4501309e0 -1.0e0 -2.09378357e0 -2.09378357e0
-2.100141e0 -1.0e0 -1.37256917e0 -1.37256917e0
-1.750151e0 -1.0e0 -4.84887e-1 -4.84887e-1
-1.4001611e0 -1.0e0 4.6150975e-1 4.6150975e-1
-1.0501712e0 -1.0e0 1.352046e0 1.352046e0
-7.001813e-1 -1.0e0 2.07866994e0 2.07866994e0
-3.501913e-1 -1.0e0 2.5532547e0 2.5532547e0
-2.014e-4 -1.0e0 2.71822722e0 2.71822722e0
3.497885e-1 -1.0e0 2.5536081e0 2.5536081e0
6.997784e-1 -1.0e0 2.07934933e0 2.07934933e0
1.0497684e0 -1.0e0 1.35305185e0 1.35305185e0
1.3997583e0 -1.0e0 4.6259729e-1 4.6259729e-1
1.7497482e0 -1.0e0 -4.8379985e-1 -4.8379985e-1
2.0997382e0 -1.0e0 -1.37164505e0 -1.37164505e0
2.4497281e0 -1.0e0 -2.0930768e0 -2.0930768e0
2.799718e0 -1.0e0 -2.56089323e0 -2.56089323e0
3.149709e0 -1.0e0 -2.71806421e0 -2.71806421e0
3.499698e0 -1.0e0 -2.54569788e0 -2.54569788e0
3.849687e0 -1.0e0 -2.06472513e0 -2.06472513e0
4.199678e0 -1.0e0 -1.33337152e0 -1.33337152e0
4.549667e0 -1.0e0 -4.4028023e-1 -4.4028023e-1
4.899658e0 -1.0e0 5.0603522e-1 5.0603522e-1
5.249648e0 -1.0e0 1.39110762e0 1.39110762e0
5.599637e0 -1.0e0 2.10748364e0 2.10748364e0
5.949628e0 -1.0e0 2.56836833e0 2.56836833e0
6.299617e0 -1.0e0 2.71787383e0 2.71787383e0
6.649608e0 -1.0e0 2.53781464e0 2.53781464e0
6.999597e0 -1.0e0 2.04999185e0 2.04999185e0

-7.0e0 -9.0e-1 1.85409494e0 1.85409494e0
-6.65001e0 -9.0e-1 2.29572374e0 2.29572374e0
-6.3000201e0 -9.0e-1 2.45900153e0 2.45900153e0
-5.9500302e0 -9.0e-1 2.32408028e0 2.32408028e0
-5.6000403e0 -9.0e-1 1.90738931e0 1.90738931e0
-5.2500504e0 -9.0e-1 1.25944376e0 1.25944376e0
-4.9000604e0 -9.0e-1 4.5879552e-1 4.5879552e-1
-4.5500705e0 -9.0e-1 -3.9740958e-1 -3.9740958e-1
-4.2000806e0 -9.0e-1 -1.20548515e0 -1.20548515e0
-3.8500906e0 -9.0e-1 -1.86742455e0 -1.86742455e0
-3.5001007e0 -9.0e-1 -2.30288051e0 -2.30288051e0
-3.1501108e0 -9.0e-1 -2.45917377e0 -2.45917377e0
-2.8001208e0 -9.0e-1 -2.31724323e0 -2.31724323e0
-2.4501309e0 -9.0e-1 -1.89435468e0 -1.89435468e0
-2.100141e0 -9.0e-1 -1.24183458e0 -1.24183458e0
-1.750151e0 -9.0e-1 -4.3870242e-1 -4.3870242e-1
-1.4001611e0 -9.0e-1 4.1755182e-1 4.1755182e-1
-1.0501712e0 -9.0e-1 1.2232662e0 1.2232662e0
-7.001813e-1 -9.0e-1 1.88068059e0 1.88068059e0
-3.501913e-1 -9.0e-1 2.31006206e0 2.31006206e0
-2.014e-4 -9.0e-1 2.45932126e0 2.45932126e0
3.497885e-1 -9.0e-1 2.31038179e0 2.31038179e0
6.997784e-1 -9.0e-1 1.88129527e0 1.88129527e0
1.0497684e0 -9.0e-1 1.22417624e0 1.22417624e0
1.3997583e0 -9.0e-1 4.1853578e-1 4.1853578e-1
1.7497482e0 -9.0e-1 -4.3771884e-1 -4.3771884e-1
2.0997382e0 -9.0e-1 -1.24099847e0 -1.24099847e0
2.4497281e0 -9.0e-1 -1.89371523e0 -1.89371523e0
2.799718e0 -9.0e-1 -2.31697304e0 -2.31697304e0
3.149709e0 -9.0e-1 -2.45917377e0 -2.45917377e0
3.499698e0 -9.0e-1 -2.303225e0 -2.303225e0
3.849687e0 -9.0e-1 -1.868064e0 -1.868064e0
4.199678e0 -9.0e-1 -1.20637042e0 -1.20637042e0
4.549667e0 -9.0e-1 -3.9834438e-1 -3.9834438e-1
4.899658e0 -9.0e-1 4.5783632e-1 4.5783632e-1
5.249648e0 -9.0e-1 1.25860727e0 1.25860727e0
5.599637e0 -9.0e-1 1.90674985e0 1.90674985e0
5.949628e0 -9.0e-1 2.32373615e0 2.32373615e0
6.299617e0 -9.0e-1 2.45900153e0 2.45900153e0
6.649608e0 -9.0e-1 2.29609262e0 2.29609262e0
6.999597e0 -9.0e-1 1.85473402e0 1.85473402e0

-7.0e0 -8.0e-1 1.6776769e0 1.6776769e0
-6.65001e0 -8.0e-1 2.07728448e0 2.07728448e0
-6.3000201e0 -8.0e-1 2.2250263e0 2.2250263e0
-5.9500302e0 -8.0e-1 2.10294289e0 2.10294289e0
-5.6000403e0 -8.0e-1 1.72590027e0 1.72590027e0
-5.2500504e0 -8.0e-1 1.13960706e0 1.13960706e0
-4.9000604e0 -8.0e-1 4.151409e-1 4.151409e-1
-4.5500705e0 -8.0e-1 -3.5959586e-1 -3.5959586e-1
-4.2000806e0 -8.0e-1 -1.09078265e0 -1.09078265e0
-3.8500906e0 -8.0e-1 -1.68973817e0 -1.68973817e0
-3.5001007e0 -8.0e-1 -2.08376028e0 -2.08376028e0
-3.1501108e0 -8.0e-1 -2.22518217e0 -2.22518217e0
-2.8001208e0 -8.0e-1 -2.09675638e0 -2.09675638e0
-2.4501309e0 -8.0e-1 -1.7141059e0 -1.7141059e0
-2.100141e0 -8.0e-1 -1.1236734e0 -1.1236734e0
-1.750151e0 -8.0e-1 -3.9695967e-1 -3.9695967e-1
-1.4001611e0 -8.0e-1 3.7782156e-1 3.7782156e-1
-1.0501712e0 -8.0e-1 1.10687183e0 1.10687183e0
-7.001813e-1 -8.0e-1 1.7017329e0 1.7017329e0
-3.501913e-1 -8.0e-1 2.0902585e0 2.0902585e0
-2.014e-4 -8.0e-1 2.22531561e0 2.22531561e0
3.497885e-1 -8.0e-1 2.09054782e0 2.09054782e0
6.997784e-1 -8.0e-1 1.7022891e0 1.7022891e0
1.0497684e0 -8.0e-1 1.10769527e0 1.10769527e0
1.3997583e0 -8.0e-1 3.787119e-1 3.787119e-1
1.7497482e0 -8.0e-1 -3.9606967e-1 -3.9606967e-1
2.0997382e0 -8.0e-1 -1.12291685e0 -1.12291685e0
2.4497281e0 -8.0e-1 -1.71352728e0 -1.71352728e0
2.799718e0 -8.0e-1 -2.0965119e0 -2.0965119e0
3.149709e0 -8.0e-1 -2.22518217e0 -2.22518217e0
3.499698e0 -8.0e-1 -2.084072e0 -2.084072e0
3.849687e0 -8.0e-1 -1.69031679e0 -1.69031679e0
4.199678e0 -8.0e-1 -1.09158368e0 -1.09158368e0
4.549667e0 -8.0e-1 -3.6044171e-1 -3.6044171e-1
4.899658e0 -8.0e-1 4.1427296e-1 4.1427296e-1
5.249648e0 -8.0e-1 1.13885017e0 1.13885017e0
5.599637e0 -8.0e-1 1.72532166e0 1.72532166e0
5.949628e0 -8.0e-1 2.1026315e0 2.1026315e0
6.299617e0 -8.0e-1 2.2250263e0 2.2250263e0
6.649608e0 -8.0e-1 2.07761827e0 2.07761827e0
6.999597e0 -8.0e-1 1.67825517e0 1.67825517e0

-7.0e0 -7.0e-1 1.51804007e0 1.51804007e0
-6.65001e0 -7.0e-1 1.8796236e0 1.8796236e0
-6.3000201e0 -7.0e-1 2.01330728e0 2.01330728e0
-5.9500302e0 -7.0e-1 1.90284052e0 1.90284052e0
-5.6000403e0 -7.0e-1 1.56167482e0 1.56167482e0
-5.2500504e0 -7.0e-1 1.03116946e0 1.03116946e0
-4.9000604e0 -7.0e-1 3.7563878e-1 3.7563878e-1
-4.5500705e0 -7.0e-1 -3.2537906e-1 -3.2537906e-1
-4.2000806e0 -7.0e-1 -9.8699086e-1 -9.8699086e-1
-3.8500906e0 -7.0e-1 -1.52895367e0 -1.52895367e0
-3.5001007e0 -7.0e-1 -1.88548322e0 -1.88548322e0
-3.1501108e0 -7.0e-1 -2.0134483e0 -2.0134483e0
-2.8001208e0 -7.0e-1 -1.89724269e0 -1.89724269e0
-2.4501309e0 -7.0e-1 -1.55100272e0 -1.55100272e0
-2.100141e0 -7.0e-1 -1.01675195e0 -1.01675195e0
-1.750151e0 -7.0e-1 -3.5918758e-1 -3.5918758e-1
-1.4001611e0 -7.0e-1 3.4187051e-1 3.4187051e-1
-1.0501712e0 -7.0e-1 1.0015491e0 1.0015491e0
-7.001813e-1 -7.0e-1 1.53980705e0 1.53980705e0
-3.501913e-1 -7.0e-1 1.8913631e0 1.8913631e0
-2.014e-4 -7.0e-1 2.01356906e0 2.01356906e0
3.497885e-1 -7.0e-1 1.89162488e0 1.89162488e0
6.997784e-1 -7.0e-1 1.54031033e0 1.54031033e0
1.0497684e0 -7.0e-1 1.00229419e0 1.00229419e0
1.3997583e0 -7.0e-1 3.4267613e-1 3.4267613e-1
1.7497482e0 -7.0e-1 -3.5838226e-1 -3.5838226e-1
2.0997382e0 -7.0e-1 -1.01606738e0 -1.01606738e0
2.4497281e0 -7.0e-1 -1.55047917e0 -1.55047917e0
2.799718e0 -7.0e-1 -1.89702147e0 -1.89702147e0
3.149709e0 -7.0e-1 -2.0134483e0 -2.0134483e0
3.499698e0 -7.0e-1 -1.88576527e0 -1.88576527e0
3.849687e0 -7.0e-1 -1.52947723e0 -1.52947723e0
4.199678e0 -7.0e-1 -9.8771567e-1 -9.8771567e-1
4.549667e0 -7.0e-1 -3.2614442e-1 -3.2614442e-1
4.899658e0 -7.0e-1 3.7485345e-1 3.7485345e-1
5.249648e0 -7.0e-1 1.03048459e0 1.03048459e0
5.599637e0 -7.0e-1 1.56115128e0 1.56115128e0
5.949628e0 -7.0e-1 1.90255876e0 1.90255876e0
6.299617e0 -7.0e-1 2.01330728e0 2.01330728e0
6.649608e0 -7.0e-1 1.87992563e0 1.87992563e0
6.999597e0 -7.0e-1 1.51856332e0 1.51856332e0

-7.0e0 -6.0e-1 1.37357974e0 1.37357974e0
-6.65001e0 -6.0e-1 1.70075414e0 1.70075414e0
-6.3000201e0 -6.0e-1 1.82171614e0 1.82171614e0
-5.9500302e0 -6.0e-1 1.72176166e0 1.72176166e0
-5.6000403e0 -6.0e-1 1.41306212e0 1.41306212e0
-5.2500504e0 -6.0e-1 9.3304091e-1 9.3304091e-1
-4.9000604e0 -6.0e-1 3.398921e-1 3.398921e-1
-4.5500705e0 -6.0e-1 -2.944152e-1 -2.944152e-1
-4.2000806e0 -6.0e-1 -8.9306645e-1 -8.9306645e-1
-3.8500906e0 -6.0e-1 -1.38345479e0 -1.38345479e0
-3.5001007e0 -6.0e-1 -1.70605612e0 -1.70605612e0
-3.1501108e0 -6.0e-1 -1.82184375e0 -1.82184375e0
-2.8001208e0 -6.0e-1 -1.71669653e0 -1.71669653e0
-2.4501309e0 -6.0e-1 -1.4034056e0 -1.4034056e0
-2.100141e0 -6.0e-1 -9.199954e-1 -9.199954e-1
-1.750151e0 -6.0e-1 -3.2500642e-1 -3.2500642e-1
-1.4001611e0 -6.0e-1 3.093373e-1 3.093373e-1
-1.0501712e0 -6.0e-1 9.0623929e-1 9.0623929e-1
-7.001813e-1 -6.0e-1 1.39327534e0 1.39327534e0
-3.501913e-1 -6.0e-1 1.71137646e0 1.71137646e0
-2.014e-4 -6.0e-1 1.82195302e0 1.82195302e0
3.497885e-1 -6.0e-1 1.71161334e0 1.71161334e0
6.997784e-1 -6.0e-1 1.39373073e0 1.39373073e0
1.0497684e0 -6.0e-1 9.0691347e-1 9.0691347e-1
1.3997583e0 -6.0e-1 3.1006625e-1 3.1006625e-1
1.7497482e0 -6.0e-1 -3.2427776e-1 -3.2427776e-1
2.0997382e0 -6.0e-1 -9.1937599e-1 -9.1937599e-1
2.4497281e0 -6.0e-1 -1.40293187e0 -1.40293187e0
2.799718e0 -6.0e-1 -1.71649637e0 -1.71649637e0
3.149709e0 -6.0e-1 -1.82184375e0 -1.82184375e0
3.499698e0 -6.0e-1 -1.70631134e0 -1.70631134e0
3.849687e0 -6.0e-1 -1.38392853e0 -1.38392853e0
4.199678e0 -6.0e-1 -8.9372229e-1 -8.9372229e-1
4.549667e0 -6.0e-1 -2.9510774e-1 -2.9510774e-1
4.899658e0 -6.0e-1 3.391815e-1 3.391815e-1
5.249648e0 -6.0e-1 9.3242122e-1 9.3242122e-1
5.599637e0 -6.0e-1 1.41258838e0 1.41258838e0
5.949628e0 -6.0e-1 1.72150673e0 1.72150673e0
6.299617e0 -6.0e-1 1.82171614e0 1.82171614e0
6.649608e0 -6.0e-1 1.70102742e0 1.70102742e0
6.999597e0 -6.0e-1 1.3740532e0 1.3740532e0

-7.0e0 -5.0e-1 1.2428626e0 1.2428626e0
-6.65001e0 -5.0e-1 1.53890132e0 1.53890132e0
-6.3000201e0 -5.0e-1 1.64835196e0 1.64835196e0
-5.9500302e0 -5.0e-1 1.55790967e0 1.55790967e0
-5.6000403e0 -5.0e-1 1.27858762e0 1.27858762e0
-5.2500504e0 -5.0e-1 8.4424777e-1 8.4424777e-1
-4.9000604e0 -5.0e-1 3.0754616e-1 3.0754616e-1
-4.5500705e0 -5.0e-1 -2.663971e-1 -2.663971e-1
-4.2000806e0 -5.0e-1 -8.080775e-1 -8.080775e-1
-3.8500906e0 -5.0e-1 -1.25179788e0 -1.25179788e0
-3.5001007e0 -5.0e-1 -1.54369876e0 -1.54369876e0
-3.1501108e0 -5.0e-1 -1.64846742e0 -1.64846742e0
-2.8001208e0 -5.0e-1 -1.55332657e0 -1.55332657e0
-2.4501309e0 -5.0e-1 -1.26985007e0 -1.26985007e0
-2.100141e0 -5.0e-1 -8.3244376e-1 -8.3244376e-1
-1.750151e0 -5.0e-1 -2.9407709e-1 -2.9407709e-1
-1.4001611e0 -5.0e-1 2.7989912e-1 2.7989912e-1
-1.0501712e0 -5.0e-1 8.1999675e-1 8.1999675e-1
-7.001813e-1 -5.0e-1 1.26068385e0 1.26068385e0
-3.501913e-1 -5.0e-1 1.54851279e0 1.54851279e0
-2.014e-4 -5.0e-1 1.64856628e0 1.64856628e0
3.497885e-1 -5.0e-1 1.54872711e0 1.54872711e0
6.997784e-1 -5.0e-1 1.2610959e0 1.2610959e0
1.0497684e0 -5.0e-1 8.2060677e-1 8.2060677e-1
1.3997583e0 -5.0e-1 2.805587e-1 2.805587e-1
1.7497482e0 -5.0e-1 -2.9341776e-1 -2.9341776e-1
2.0997382e0 -5.0e-1 -8.3188329e-1 -8.3188329e-1
2.4497281e0 -5.0e-1 -1.26942142e0 -1.26942142e0
2.799718e0 -5.0e-1 -1.55314545e0 -1.55314545e0
3.149709e0 -5.0e-1 -1.64846742e0 -1.64846742e0
3.499698e0 -5.0e-1 -1.54392969e0 -1.54392969e0
3.849687e0 -5.0e-1 -1.25222653e0 -1.25222653e0
4.199678e0 -5.0e-1 -8.0867093e-1 -8.0867093e-1
4.549667e0 -5.0e-1 -2.6702371e-1 -2.6702371e-1
4.899658e0 -5.0e-1 3.0690318e-1 3.0690318e-1
5.249648e0 -5.0e-1 8.4368706e-1 8.4368706e-1
5.599637e0 -5.0e-1 1.27815897e0 1.27815897e0
5.949628e0 -5.0e-1 1.557679e0 1.557679e0
6.299617e0 -5.0e-1 1.64835196e0 1.64835196e0
6.649608e0 -5.0e-1 1.5391486e0 1.5391486e0
6.999597e0 -5.0e-1 1.243291e0 1.243291e0

-7.0e0 -4.0e-1 1.12460829e0 1.12460829e0
-6.65001e0 -4.0e-1 1.3924799e0 1.3924799e0
-6.3000201e0 -4.0e-1 1.49151666e0 1.49151666e0
-5.9500302e0 -4.0e-1 1.40967966e0 1.40967966e0
-5.6000403e0 -4.0e-1 1.15693419e0 1.15693419e0
-5.2500504e0 -4.0e-1 7.6392036e-1 7.6392036e-1
-4.9000604e0 -4.0e-1 2.7828415e-1 2.7828415e-1
-4.5500705e0 -4.0e-1 -2.4105028e-1 -2.4105028e-1
-4.2000806e0 -4.0e-1 -7.3119157e-1 -7.3119157e-1
-3.8500906e0 -4.0e-1 -1.1326934e0 -1.1326934e0
-3.5001007e0 -4.0e-1 -1.39682086e0 -1.39682086e0
-3.1501108e0 -4.0e-1 -1.49162114e0 -1.49162114e0
-2.8001208e0 -4.0e-1 -1.40553262e0 -1.40553262e0
-2.4501309e0 -4.0e-1 -1.14902798e0 -1.14902798e0
-2.100141e0 -4.0e-1 -7.5323944e-1 -7.5323944e-1
-1.750151e0 -4.0e-1 -2.660966e-1 -2.660966e-1
-1.4001611e0 -4.0e-1 2.5326764e-1 2.5326764e-1
-1.0501712e0 -4.0e-1 7.4197673e-1 7.4197673e-1
-7.001813e-1 -4.0e-1 1.1407339e0 1.1407339e0
-3.501913e-1 -4.0e-1 1.40117686e0 1.40117686e0
-2.014e-4 -4.0e-1 1.49171059e0 1.49171059e0
3.497885e-1 -4.0e-1 1.40137079e0 1.40137079e0
6.997784e-1 -4.0e-1 1.14110675e0 1.14110675e0
1.0497684e0 -4.0e-1 7.4252872e-1 7.4252872e-1
1.3997583e0 -4.0e-1 2.5386446e-1 2.5386446e-1
1.7497482e0 -4.0e-1 -2.6550002e-1 -2.6550002e-1
2.0997382e0 -4.0e-1 -7.527323e-1 -7.527323e-1
2.4497281e0 -4.0e-1 -1.14864012e0 -1.14864012e0
2.799718e0 -4.0e-1 -1.40536874e0 -1.40536874e0
3.149709e0 -4.0e-1 -1.49162114e0 -1.49162114e0
3.499698e0 -4.0e-1 -1.39702983e0 -1.39702983e0
3.849687e0 -4.0e-1 -1.13308127e0 -1.13308127e0
4.199678e0 -4.0e-1 -7.3172853e-1 -7.3172853e-1
4.549667e0 -4.0e-1 -2.4161728e-1 -2.4161728e-1
4.899658e0 -4.0e-1 2.7770235e-1 2.7770235e-1
5.249648e0 -4.0e-1 7.63413e-1 7.63413e-1
5.599637e0 -4.0e-1 1.15654633e0 1.15654633e0
5.949628e0 -4.0e-1 1.40947093e0 1.40947093e0
6.299617e0 -4.0e-1 1.49151666e0 1.49151666e0
6.649608e0 -4.0e-1 1.39270364e0 1.39270364e0
6.999597e0 -4.0e-1 1.12499593e0 1.12499593e0

-7.0e0 -3.0e-1 1.0176009e0 1.0176009e0
-6.65001e0 -3.0e-1 1.25998431e0 1.25998431e0
-6.3000201e0 -3.0e-1 1.34959764e0 1.34959764e0
-5.9500302e0 -3.0e-1 1.2755475e0 1.2755475e0
-5.6000403e0 -3.0e-1 1.04685097e0 1.04685097e0
-5.2500504e0 -3.0e-1 6.9123271e-1 6.9123271e-1
-4.9000604e0 -3.0e-1 2.5180519e-1 2.5180519e-1
-4.5500705e0 -3.0e-1 -2.1811415e-1 -2.1811415e-1
-4.2000806e0 -3.0e-1 -6.616181e-1 -6.616181e-1
-3.8500906e0 -3.0e-1 -1.02491672e0 -1.02491672e0
-3.5001007e0 -3.0e-1 -1.26391223e0 -1.26391223e0
-3.1501108e0 -3.0e-1 -1.34969218e0 -1.34969218e0
-2.8001208e0 -3.0e-1 -1.27179506e0 -1.27179506e0
-2.4501309e0 -3.0e-1 -1.03969704e0 -1.03969704e0
-2.100141e0 -3.0e-1 -6.815681e-1 -6.815681e-1
-1.750151e0 -3.0e-1 -2.407773e-1 -2.407773e-1
-1.4001611e0 -3.0e-1 2.29169e-1 2.29169e-1
-1.0501712e0 -3.0e-1 6.7137704e-1 6.7137704e-1
-7.001813e-1 -3.0e-1 1.03219215e0 1.03219215e0
-3.501913e-1 -3.0e-1 1.26785374e0 1.26785374e0
-2.014e-4 -3.0e-1 1.34977312e0 1.34977312e0
3.497885e-1 -3.0e-1 1.26802924e0 1.26802924e0
6.997784e-1 -3.0e-1 1.03252953e0 1.03252953e0
1.0497684e0 -3.0e-1 6.7187651e-1 6.7187651e-1
1.3997583e0 -3.0e-1 2.2970905e-1 2.2970905e-1
1.7497482e0 -3.0e-1 -2.4023747e-1 -2.4023747e-1
2.0997382e0 -3.0e-1 -6.8110922e-1 -6.8110922e-1
2.4497281e0 -3.0e-1 -1.03934608e0 -1.03934608e0
2.799718e0 -3.0e-1 -1.27164676e0 -1.27164676e0
3.149709e0 -3.0e-1 -1.34969218e0 -1.34969218e0
3.499698e0 -3.0e-1 -1.2641013e0 -1.2641013e0
3.849687e0 -3.0e-1 -1.02526767e0 -1.02526767e0
4.199678e0 -3.0e-1 -6.6210397e-1 -6.6210397e-1
4.549667e0 -3.0e-1 -2.186272e-1 -2.186272e-1
4.899658e0 -3.0e-1 2.5127875e-1 2.5127875e-1
5.249648e0 -3.0e-1 6.9077362e-1 6.9077362e-1
5.599637e0 -3.0e-1 1.0465e0 1.0465e0
5.949628e0 -3.0e-1 1.27535863e0 1.27535863e0
6.299617e0 -3.0e-1 1.34959764e0 1.34959764e0
6.649608e0 -3.0e-1 1.26018677e0 1.26018677e0
6.999597e0 -3.0e-1 1.01795166e0 1.01795166e0

-7.0e0 -2.0e-1 9.2077867e-1 9.2077867e-1
-6.65001e0 -2.0e-1 1.14009988e0 1.14009988e0
-6.3000201e0 -2.0e-1 1.22118672e0 1.22118672e0
-5.9500302e0 -2.0e-1 1.15418228e0 1.15418228e0
-5.6000403e0 -2.0e-1 9.4724565e-1 9.4724565e-1
-5.2500504e0 -2.0e-1 6.2546362e-1 6.2546362e-1
-4.9000604e0 -2.0e-1 2.2784654e-1 2.2784654e-1
-4.5500705e0 -2.0e-1 -1.9736111e-1 -1.9736111e-1
-4.2000806e0 -2.0e-1 -5.9866676e-1 -5.9866676e-1
-3.8500906e0 -2.0e-1 -9.2739839e-1 -9.2739839e-1
-3.5001007e0 -2.0e-1 -1.14365408e0 -1.14365408e0
-3.1501108e0 -2.0e-1 -1.22127228e0 -1.22127228e0
-2.8001208e0 -2.0e-1 -1.15078688e0 -1.15078688e0
-2.4501309e0 -2.0e-1 -9.4077242e-1 -9.4077242e-1
-2.100141e0 -2.0e-1 -6.1671857e-1 -6.1671857e-1
-1.750151e0 -2.0e-1 -2.1786794e-1 -2.1786794e-1
-1.4001611e0 -2.0e-1 2.0736414e-1 2.0736414e-1
-1.0501712e0 -2.0e-1 6.0749716e-1 6.0749716e-1
-7.001813e-1 -2.0e-1 9.339816e-1 9.339816e-1
-3.501913e-1 -2.0e-1 1.14722057e0 1.14722057e0
-2.014e-4 -2.0e-1 1.22134552e0 1.22134552e0
3.497885e-1 -2.0e-1 1.14737935e0 1.14737935e0
6.997784e-1 -2.0e-1 9.3428687e-1 9.3428687e-1
1.0497684e0 -2.0e-1 6.079491e-1 6.079491e-1
1.3997583e0 -2.0e-1 2.078528e-1 2.078528e-1
1.7497482e0 -2.0e-1 -2.1737947e-1 -2.1737947e-1
2.0997382e0 -2.0e-1 -6.1630334e-1 -6.1630334e-1
2.4497281e0 -2.0e-1 -9.4045485e-1 -9.4045485e-1
2.799718e0 -2.0e-1 -1.1506527e0 -1.1506527e0
3.149709e0 -2.0e-1 -1.22127228e0 -1.22127228e0
3.499698e0 -2.0e-1 -1.14382516e0 -1.14382516e0
3.849687e0 -2.0e-1 -9.2771596e-1 -9.2771596e-1
4.199678e0 -2.0e-1 -5.991064e-1 -5.991064e-1
4.549667e0 -2.0e-1 -1.9782536e-1 -1.9782536e-1
4.899658e0 -2.0e-1 2.273702e-1 2.273702e-1
5.249648e0 -2.0e-1 6.250482e-1 6.250482e-1
5.599637e0 -2.0e-1 9.4692809e-1 9.4692809e-1
5.949628e0 -2.0e-1 1.15401138e0 1.15401138e0
6.299617e0 -2.0e-1 1.22118672e0 1.22118672e0
6.649608e0 -2.0e-1 1.14028308e0 1.14028308e0
6.999597e0 -2.0e-1 9.2109604e-1 9.2109604e-1

-7.0e0 -1.0e-1 8.3314653e-1 8.3314653e-1
-6.65001e0 -1.0e-1 1.03159457e0 1.03159457e0
-6.3000201e0 -1.0e-1 1.10496423e0 1.10496423e0
-5.9500302e0 -1.0e-1 1.04433672e0 1.04433672e0
-5.6000403e0 -1.0e-1 8.5709462e-1 8.5709462e-1
-5.2500504e0 -1.0e-1 5.6593715e-1 5.6593715e-1
-4.9000604e0 -1.0e-1 2.0616199e-1 2.0616199e-1
-4.5500705e0 -1.0e-1 -1.7857791e-1 -1.7857791e-1
-4.2000806e0 -1.0e-1 -5.4169058e-1 -5.4169058e-1
-3.8500906e0 -1.0e-1 -8.3913626e-1 -8.3913626e-1
-3.5001007e0 -1.0e-1 -1.0348105e0 -1.0348105e0
-3.1501108e0 -1.0e-1 -1.10504164e0 -1.10504164e0
-2.8001208e0 -1.0e-1 -1.04126445e0 -1.04126445e0
-2.4501309e0 -1.0e-1 -8.5123744e-1 -8.5123744e-1
-2.100141e0 -1.0e-1 -5.5802437e-1 -5.5802437e-1
-1.750151e0 -1.0e-1 -1.9713306e-1 -1.9713306e-1
-1.4001611e0 -1.0e-1 1.8762894e-1 1.8762894e-1
-1.0501712e0 -1.0e-1 5.4968059e-1 5.4968059e-1
-7.001813e-1 -1.0e-1 8.4509293e-1 8.4509293e-1
-3.501913e-1 -1.0e-1 1.03803757e0 1.03803757e0
-2.014e-4 -1.0e-1 1.10510791e0 1.10510791e0
3.497885e-1 -1.0e-1 1.03818124e0 1.03818124e0
6.997784e-1 -1.0e-1 8.4536914e-1 8.4536914e-1
1.0497684e0 -1.0e-1 5.5008951e-1 5.5008951e-1
1.3997583e0 -1.0e-1 1.8807108e-1 1.8807108e-1
1.7497482e0 -1.0e-1 -1.9669107e-1 -1.9669107e-1
2.0997382e0 -1.0e-1 -5.5764867e-1 -5.5764867e-1
2.4497281e0 -1.0e-1 -8.509501e-1 -8.509501e-1
2.799718e0 -1.0e-1 -1.04114305e0 -1.04114305e0
3.149709e0 -1.0e-1 -1.10504164e0 -1.10504164e0
3.499698e0 -1.0e-1 -1.0349653e0 -1.0349653e0
3.849687e0 -1.0e-1 -8.394236e-1 -8.394236e-1
4.199678e0 -1.0e-1 -5.4208838e-1 -5.4208838e-1
4.549667e0 -1.0e-1 -1.7899797e-1 -1.7899797e-1
4.899658e0 -1.0e-1 2.0573096e-1 2.0573096e-1
5.249648e0 -1.0e-1 5.6556126e-1 5.6556126e-1
5.599637e0 -1.0e-1 8.5680727e-1 8.5680727e-1
5.949628e0 -1.0e-1 1.04418208e0 1.04418208e0
6.299617e0 -1.0e-1 1.10496423e0 1.10496423e0
6.649608e0 -1.0e-1 1.03176033e0 1.03176033e0
6.999597e0 -1.0e-1 8.3343372e-1 8.3343372e-1

-7.0e0 0.0e0 7.5389008e-1 7.5389008e-1
-6.65001e0 0.0e0 9.3345993e-1 9.3345993e-1
-6.3000201e0 0.0e0 9.9985e-1 9.9985e-1
-5.9500302e0 0.0e0 9.4498993e-1 9.4498993e-1
-5.6000403e0 0.0e0 7.7556e-1 7.7556e-1
-5.2500504e0 0.0e0 5.1210007e-1 5.1210007e-1
-4.9000604e0 0.0e0 1.8654999e-1 1.8654999e-1
-4.5500705e0 0.0e0 -1.6158997e-1 -1.6158997e-1
-4.2000806e0 0.0e0 -4.9016006e-1 -4.9016006e-1
-3.8500906e0 0.0e0 -7.5931e-1 -7.5931e-1
-3.5001007e0 0.0e0 -9.3636993e-1 -9.3636993e-1
-3.1501108e0 0.0e0 -9.9992004e-1 -9.9992004e-1
-2.8001208e0 0.0e0 -9.4220993e-1 -9.4220993e-1
-2.4501309e0 0.0e0 -7.7026001e-1 -7.7026001e-1
-2.100141e0 0.0e0 -5.0494003e-1 -5.0494003e-1
-1.750151e0 0.0e0 -1.7837997e-1 -1.7837997e-1
-1.4001611e0 0.0e0 1.6977997e-1 1.6977997e-1
-1.0501712e0 0.0e0 4.9738998e-1 4.9738998e-1
-7.001813e-1 0.0e0 7.6470001e-1 7.6470001e-1
-3.501913e-1 0.0e0 9.3929001e-1 9.3929001e-1
-2.014e-4 0.0e0 9.9998001e-1 9.9998001e-1
3.497885e-1 0.0e0 9.3942001e-1 9.3942001e-1
6.997784e-1 0.0e0 7.6494995e-1 7.6494995e-1
1.0497684e0 0.0e0 4.9776001e-1 4.9776001e-1
1.3997583e0 0.0e0 1.7018005e-1 1.7018005e-1
1.7497482e0 0.0e0 -1.7798004e-1 -1.7798004e-1
2.0997382e0 0.0e0 -5.0460007e-1 -5.0460007e-1
2.4497281e0 0.0e0 -7.7e-1 -7.7e-1
2.799718e0 0.0e0 -9.4210007e-1 -9.4210007e-1
3.149709e0 0.0e0 -9.9992004e-1 -9.9992004e-1
3.499698e0 0.0e0 -9.3651001e-1 -9.3651001e-1
3.849687e0 0.0e0 -7.5957e-1 -7.5957e-1
4.199678e0 0.0e0 -4.9052002e-1 -4.9052002e-1
4.549667e0 0.0e0 -1.6197006e-1 -1.6197006e-1
4.899658e0 0.0e0 1.8615997e-1 1.8615997e-1
5.249648e0 0.0e0 5.1175995e-1 5.1175995e-1
5.599637e0 0.0e0 7.7529999e-1 7.7529999e-1
5.949628e0 0.0e0 9.4485e-1 9.4485e-1
6.299617e0 0.0e0 9.9985e-1 9.9985e-1
6.649608e0 0.0e0 9.3360992e-1 9.3360992e-1
6.999597e0 0.0e0 7.5414993e-1 7.5414993e-1

-7.0e0 1.0e-1 6.8227811e-1 6.8227811e-1
-6.65001e0 1.0e-1 8.44790637e-1 8.44790637e-1
-6.3000201e0 1.0e-1 9.04874324e-1 9.04874324e-1
-5.9500302e0 1.0e-1 8.55225401e-1 8.55225401e-1
-5.6000403e0 1.0e-1 7.01889607e-1 7.01889607e-1
-5.2500504e0 1.0e-1 4.63455717e-1 4.63455717e-1
-4.9000604e0 1.0e-1 1.68829617e-1 1.68829617e-1
-4.5500705e0 1.0e-1 -1.46240546e-1 -1.46240546e-1
-4.2000806e0 1.0e-1 -4.43599794e-1 -4.43599794e-1
-3.8500906e0 1.0e-1 -6.87183194e-1 -6.87183194e-1
-3.5001007e0 1.0e-1 -8.4742422e-1 -8.4742422e-1
-3.1501108e0 1.0e-1 -9.04937709e-1 -9.04937709e-1
-2.8001208e0 1.0e-1 -8.52709476e-1 -8.52709476e-1
-2.4501309e0 1.0e-1 -6.97093065e-1 -6.97093065e-1
-2.100141e0 1.0e-1 -4.56975815e-1 -4.56975815e-1
-1.750151e0 1.0e-1 -1.61435672e-1 -1.61435672e-1
-1.4001611e0 1.0e-1 1.5365258e-1 1.5365258e-1
-1.0501712e0 1.0e-1 4.50142944e-1 4.50142944e-1
-7.001813e-1 1.0e-1 6.92061212e-1 6.92061212e-1
-3.501913e-1 1.0e-1 8.50066916e-1 8.50066916e-1
-2.014e-4 1.0e-1 9.0499198e-1 9.0499198e-1
3.497885e-1 1.0e-1 8.50184572e-1 8.50184572e-1
6.997784e-1 1.0e-1 6.92287408e-1 6.92287408e-1
1.0497684e0 1.0e-1 4.50477821e-1 4.50477821e-1
1.3997583e0 1.0e-1 1.54014662e-1 1.54014662e-1
1.7497482e0 1.0e-1 -1.61073729e-1 -1.61073729e-1
2.0997382e0 1.0e-1 -4.56668141e-1 -4.56668141e-1
2.4497281e0 1.0e-1 -6.96857755e-1 -6.96857755e-1
2.799718e0 1.0e-1 -8.52610048e-1 -8.52610048e-1
3.149709e0 1.0e-1 -9.04937709e-1 -9.04937709e-1
3.499698e0 1.0e-1 -8.47550989e-1 -8.47550989e-1
3.849687e0 1.0e-1 -6.87418506e-1 -6.87418506e-1
4.199678e0 1.0e-1 -4.43925557e-1 -4.43925557e-1
4.549667e0 1.0e-1 -1.46584537e-1 -1.46584537e-1
4.899658e0 1.0e-1 1.6847665e-1 1.6847665e-1
5.249648e0 1.0e-1 4.63147906e-1 4.63147906e-1
5.599637e0 1.0e-1 7.01654295e-1 7.01654295e-1
5.949628e0 1.0e-1 8.5509877e-1 8.5509877e-1
6.299617e0 1.0e-1 9.04874324e-1 9.04874324e-1
6.649608e0 1.0e-1 8.44926382e-1 8.44926382e-1
6.999597e0 1.0e-1 6.82513283e-1 6.82513283e-1

-7.0e0 2.0e-1 6.17360577e-1 6.17360577e-1
-6.65001e0 2.0e-1 7.6441033e-1 7.6441033e-1
-6.3000201e0 2.0e-1 8.18777164e-1 8.18777164e-1
-5.9500302e0 2.0e-1 7.73852246e-1 7.73852246e-1
-5.6000403e0 2.0e-1 6.35106076e-1 6.35106076e-1
-5.2500504e0 2.0e-1 4.19358742e-1 4.19358742e-1
-4.9000604e0 2.0e-1 1.52765784e-1 1.52765784e-1
-4.5500705e0 2.0e-1 -1.32326021e-1 -1.32326021e-1
-4.2000806e0 2.0e-1 -4.01392073e-1 -4.01392073e-1
-3.8500906e0 2.0e-1 -6.21798952e-1 -6.21798952e-1
-3.5001007e0 2.0e-1 -7.66793332e-1 -7.66793332e-1
-3.1501108e0 2.0e-1 -8.18834517e-1 -8.18834517e-1
-2.8001208e0 2.0e-1 -7.71575705e-1 -7.71575705e-1
-2.4501309e0 2.0e-1 -6.30765916e-1 -6.30765916e-1
-2.100141e0 2.0e-1 -4.13495389e-1 -4.13495389e-1
-1.750151e0 2.0e-1 -1.46075359e-1 -1.46075359e-1
-1.4001611e0 2.0e-1 1.39032814e-1 1.39032814e-1
-1.0501712e0 2.0e-1 4.07312654e-1 4.07312654e-1
-7.001813e-1 2.0e-1 6.26212834e-1 6.26212834e-1
-3.501913e-1 2.0e-1 7.69184581e-1 7.69184581e-1
-2.014e-4 2.0e-1 8.18883624e-1 8.18883624e-1
3.497885e-1 2.0e-1 7.69291043e-1 7.69291043e-1
6.997784e-1 2.0e-1 6.2641751e-1 6.2641751e-1
1.0497684e0 2.0e-1 4.07615668e-1 4.07615668e-1
1.3997583e0 2.0e-1 1.39360445e-1 1.39360445e-1
1.7497482e0 2.0e-1 -1.45747855e-1 -1.45747855e-1
2.0997382e0 2.0e-1 -4.1321699e-1 -4.1321699e-1
2.4497281e0 2.0e-1 -6.30552995e-1 -6.30552995e-1
2.799718e0 2.0e-1 -7.71485739e-1 -7.71485739e-1
3.149709e0 2.0e-1 -8.18834517e-1 -8.18834517e-1
3.499698e0 2.0e-1 -7.6690804e-1 -7.6690804e-1
3.849687e0 2.0e-1 -6.22011873e-1 -6.22011873e-1
4.199678e0 2.0e-1 -4.01686841e-1 -4.01686841e-1
4.549667e0 2.0e-1 -1.32637282e-1 -1.32637282e-1
4.899658e0 2.0e-1 1.524464e-1 1.524464e-1
5.249648e0 2.0e-1 4.19080219e-1 4.19080219e-1
5.599637e0 2.0e-1 6.34893155e-1 6.34893155e-1
5.949628e0 2.0e-1 7.73737663e-1 7.73737663e-1
6.299617e0 2.0e-1 8.18777164e-1 8.18777164e-1
6.649608e0 2.0e-1 7.6453316e-1 7.6453316e-1
6.999597e0 2.0e-1 6.17573375e-1 6.17573375e-1

-7.0e0 3.0e-1 5.58609929e-1 5.58609929e-1
-6.65001e0 3.0e-1 6.91665805e-1 6.91665805e-1
-6.3000201e0 3.0e-1 7.4085886e-1 7.4085886e-1
-5.9500302e0 3.0e-1 7.00209189e-1 7.00209189e-1
-5.6000403e0 3.0e-1 5.74666692e-1 5.74666692e-1
-5.2500504e0 3.0e-1 3.79450787e-1 3.79450787e-1
-4.9000604e0 3.0e-1 1.38227943e-1 1.38227943e-1
-4.5500705e0 3.0e-1 -1.19733316e-1 -1.19733316e-1
-4.2000806e0 3.0e-1 -3.63193903e-1 -3.63193903e-1
-3.8500906e0 3.0e-1 -5.6262593e-1 -5.6262593e-1
-3.5001007e0 3.0e-1 -6.9382203e-1 -6.9382203e-1
-3.1501108e0 3.0e-1 -7.40910756e-1 -7.40910756e-1
-2.8001208e0 3.0e-1 -6.98149292e-1 -6.98149292e-1
-2.4501309e0 3.0e-1 -5.7073956e-1 -5.7073956e-1
-2.100141e0 3.0e-1 -3.74145416e-1 -3.74145416e-1
-1.750151e0 3.0e-1 -1.3217421e-1 -1.3217421e-1
-1.4001611e0 3.0e-1 1.25801863e-1 1.25801863e-1
-1.0501712e0 3.0e-1 3.68551056e-1 3.68551056e-1
-7.001813e-1 3.0e-1 5.66619768e-1 5.66619768e-1
-3.501913e-1 3.0e-1 6.95985718e-1 6.95985718e-1
-2.014e-4 3.0e-1 7.4095519e-1 7.4095519e-1
3.497885e-1 3.0e-1 6.96082048e-1 6.96082048e-1
6.997784e-1 3.0e-1 5.66804965e-1 5.66804965e-1
1.0497684e0 3.0e-1 3.68825235e-1 3.68825235e-1
1.3997583e0 3.0e-1 1.26098314e-1 1.26098314e-1
1.7497482e0 3.0e-1 -1.3187787e-1 -1.3187787e-1
2.0997382e0 3.0e-1 -3.73893512e-1 -3.73893512e-1
2.4497281e0 3.0e-1 -5.70546901e-1 -5.70546901e-1
2.799718e0 3.0e-1 -6.98067888e-1 -6.98067888e-1
3.149709e0 3.0e-1 -7.40910756e-1 -7.40910756e-1
3.499698e0 3.0e-1 -6.93925822e-1 -6.93925822e-1
3.849687e0 3.0e-1 -5.62818588e-1 -5.62818588e-1
4.199678e0 3.0e-1 -3.63460619e-1 -3.63460619e-1
4.549667e0 3.0e-1 -1.20014957e-1 -1.20014957e-1
4.899658e0 3.0e-1 1.37938954e-1 1.37938954e-1
5.249648e0 3.0e-1 3.79198769e-1 3.79198769e-1
5.599637e0 3.0e-1 5.74474033e-1 5.74474033e-1
5.949628e0 3.0e-1 7.0010551e-1 7.0010551e-1
6.299617e0 3.0e-1 7.4085886e-1 7.4085886e-1
6.649608e0 3.0e-1 6.91776945e-1 6.91776945e-1
6.999597e0 3.0e-1 5.58802477e-1 5.58802477e-1

-7.0e0 4.0e-1 5.05453178e-1 5.05453178e-1
-6.65001e0 4.0e-1 6.25847594e-1 6.25847594e-1
-6.3000201e0 4.0e-1 6.70359486e-1 6.70359486e-1
-5.9500302e0 4.0e-1 6.33577997e-1 6.33577997e-1
-5.6000403e0 4.0e-1 5.19981996e-1 5.19981996e-1
-5.2500504e0 4.0e-1 3.43342638e-1 3.43342638e-1
-4.9000604e0 4.0e-1 1.25074313e-1 1.25074313e-1
-4.5500705e0 4.0e-1 -1.08339616e-1 -1.08339616e-1
-4.2000806e0 4.0e-1 -3.28632742e-1 -3.28632742e-1
-3.8500906e0 4.0e-1 -5.0908702e-1 -5.0908702e-1
-3.5001007e0 4.0e-1 -6.27798634e-1 -6.27798634e-1
-3.1501108e0 4.0e-1 -6.70406444e-1 -6.70406444e-1
-2.8001208e0 4.0e-1 -6.31714119e-1 -6.31714119e-1
-2.4501309e0 4.0e-1 -5.16428566e-1 -5.16428566e-1
-2.100141e0 4.0e-1 -3.3854212e-1 -3.3854212e-1
-1.750151e0 4.0e-1 -1.19596646e-1 -1.19596646e-1
-1.4001611e0 4.0e-1 1.13830685e-1 1.13830685e-1
-1.0501712e0 4.0e-1 3.33480115e-1 3.33480115e-1
-7.001813e-1 4.0e-1 5.1270081e-1 5.1270081e-1
-3.501913e-1 4.0e-1 6.29756427e-1 6.29756427e-1
-2.014e-4 4.0e-1 6.70446649e-1 6.70446649e-1
3.497885e-1 4.0e-1 6.29843591e-1 6.29843591e-1
6.997784e-1 4.0e-1 5.12868384e-1 5.12868384e-1
1.0497684e0 4.0e-1 3.33728201e-1 3.33728201e-1
1.3997583e0 4.0e-1 1.14098927e-1 1.14098927e-1
1.7497482e0 4.0e-1 -1.19328506e-1 -1.19328506e-1
2.0997382e0 4.0e-1 -3.38314186e-1 -3.38314186e-1
2.4497281e0 4.0e-1 -5.1625424e-1 -5.1625424e-1
2.799718e0 4.0e-1 -6.3164046e-1 -6.3164046e-1
3.149709e0 4.0e-1 -6.70406444e-1 -6.70406444e-1
3.499698e0 4.0e-1 -6.27892549e-1 -6.27892549e-1
3.849687e0 4.0e-1 -5.09261346e-1 -5.09261346e-1
4.199678e0 4.0e-1 -3.28874077e-1 -3.28874077e-1
4.549667e0 4.0e-1 -1.08594455e-1 -1.08594455e-1
4.899658e0 4.0e-1 1.24812825e-1 1.24812825e-1
5.249648e0 4.0e-1 3.43114601e-1 3.43114601e-1
5.599637e0 4.0e-1 5.19807669e-1 5.19807669e-1
5.949628e0 4.0e-1 6.33484184e-1 6.33484184e-1
6.299617e0 4.0e-1 6.70359486e-1 6.70359486e-1
6.649608e0 4.0e-1 6.25948158e-1 6.25948158e-1
6.999597e0 4.0e-1 5.05627403e-1 5.05627403e-1

-7.0e0 5.0e-1 4.57339886e-1 4.57339886e-1
-6.65001e0 5.0e-1 5.66274146e-1 5.66274146e-1
-6.3000201e0 5.0e-1 6.06549022e-1 6.06549022e-1
-5.9500302e0 5.0e-1 5.73268704e-1 5.73268704e-1
-5.6000403e0 5.0e-1 4.70485727e-1 4.70485727e-1
-5.2500504e0 5.0e-1 3.10660391e-1 3.10660391e-1
-4.9000604e0 5.0e-1 1.13168686e-1 1.13168686e-1
-4.5500705e0 5.0e-1 -9.8026938e-2 -9.8026938e-2
-4.2000806e0 5.0e-1 -2.97350708e-1 -2.97350708e-1
-3.8500906e0 5.0e-1 -4.60627827e-1 -4.60627827e-1
-3.5001007e0 5.0e-1 -5.6803947e-1 -5.6803947e-1
-3.1501108e0 5.0e-1 -6.0659151e-1 -6.0659151e-1
-2.8001208e0 5.0e-1 -5.71582245e-1 -5.71582245e-1
-2.4501309e0 5.0e-1 -4.67270543e-1 -4.67270543e-1
-2.100141e0 5.0e-1 -3.06316829e-1 -3.06316829e-1
-1.750151e0 5.0e-1 -1.0821243e-1 -1.0821243e-1
-1.4001611e0 5.0e-1 1.02995322e-1 1.02995322e-1
-1.0501712e0 5.0e-1 3.01736667e-1 3.01736667e-1
-7.001813e-1 5.0e-1 4.63897626e-1 4.63897626e-1
-3.501913e-1 5.0e-1 5.69810904e-1 5.69810904e-1
-2.014e-4 5.0e-1 6.06627888e-1 6.06627888e-1
3.497885e-1 5.0e-1 5.6988977e-1 5.6988977e-1
6.997784e-1 5.0e-1 4.6404925e-1 4.6404925e-1
1.0497684e0 5.0e-1 3.01961139e-1 3.01961139e-1
1.3997583e0 5.0e-1 1.0323803e-1 1.0323803e-1
1.7497482e0 5.0e-1 -1.07969814e-1 -1.07969814e-1
2.0997382e0 5.0e-1 -3.06110591e-1 -3.06110591e-1
2.4497281e0 5.0e-1 -4.67112811e-1 -4.67112811e-1
2.799718e0 5.0e-1 -5.71515598e-1 -5.71515598e-1
3.149709e0 5.0e-1 -6.0659151e-1 -6.0659151e-1
3.499698e0 5.0e-1 -5.68124445e-1 -5.68124445e-1
3.849687e0 5.0e-1 -4.60785559e-1 -4.60785559e-1
4.199678e0 5.0e-1 -2.9756907e-1 -2.9756907e-1
4.549667e0 5.0e-1 -9.825752e-2 -9.825752e-2
4.899658e0 5.0e-1 1.12932088e-1 1.12932088e-1
5.249648e0 5.0e-1 3.10454062e-1 3.10454062e-1
5.599637e0 5.0e-1 4.70327995e-1 4.70327995e-1
5.949628e0 5.0e-1 5.73183821e-1 5.73183821e-1
6.299617e0 5.0e-1 6.06549022e-1 6.06549022e-1
6.649608e0 5.0e-1 5.66365137e-1 5.66365137e-1
6.999597e0 5.0e-1 4.57497525e-1 4.57497525e-1

-7.0e0 6.0e-1 4.13825327e-1 4.13825327e-1
-6.65001e0 6.0e-1 5.12394809e-1 5.12394809e-1
-6.3000201e0 6.0e-1 5.48837648e-1 5.48837648e-1
-5.9500302e0 6.0e-1 5.18723856e-1 5.18723856e-1
-5.6000403e0 6.0e-1 4.2572038e-1 4.2572038e-1
-5.2500504e0 6.0e-1 2.81101959e-1 2.81101959e-1
-4.9000604e0 6.0e-1 1.02401015e-1 1.02401015e-1
-4.5500705e0 6.0e-1 -8.869996e-2 -8.869996e-2
-4.2000806e0 6.0e-1 -2.69058653e-1 -2.69058653e-1
-3.8500906e0 6.0e-1 -4.1680043e-1 -4.1680043e-1
-3.5001007e0 6.0e-1 -5.13992168e-1 -5.13992168e-1
-3.1501108e0 6.0e-1 -5.48876093e-1 -5.48876093e-1
-2.8001208e0 6.0e-1 -5.17197858e-1 -5.17197858e-1
-2.4501309e0 6.0e-1 -4.2281111e-1 -4.2281111e-1
-2.100141e0 6.0e-1 -2.77171674e-1 -2.77171674e-1
-1.750151e0 6.0e-1 -9.7916331e-2 -9.7916331e-2
-1.4001611e0 6.0e-1 9.3195616e-2 9.3195616e-2
-1.0501712e0 6.0e-1 2.73027301e-1 2.73027301e-1
-7.001813e-1 6.0e-1 4.19759117e-1 4.19759117e-1
-3.501913e-1 6.0e-1 5.15595055e-1 5.15595055e-1
-2.014e-4 6.0e-1 5.4890901e-1 5.4890901e-1
3.497885e-1 6.0e-1 5.15666417e-1 5.15666417e-1
6.997784e-1 6.0e-1 4.19896313e-1 4.19896313e-1
1.0497684e0 6.0e-1 2.73230415e-1 2.73230415e-1
1.3997583e0 6.0e-1 9.3415231e-2 9.3415231e-2
1.7497482e0 6.0e-1 -9.76968e-2 -9.76968e-2
2.0997382e0 6.0e-1 -2.7698506e-1 -2.7698506e-1
2.4497281e0 6.0e-1 -4.22668387e-1 -4.22668387e-1
2.799718e0 6.0e-1 -5.17137552e-1 -5.17137552e-1
3.149709e0 6.0e-1 -5.48876093e-1 -5.48876093e-1
3.499698e0 6.0e-1 -5.14069058e-1 -5.14069058e-1
3.849687e0 6.0e-1 -4.16943155e-1 -4.16943155e-1
4.199678e0 6.0e-1 -2.6925624e-1 -2.6925624e-1
4.549667e0 6.0e-1 -8.8908603e-2 -8.8908603e-2
4.899658e0 6.0e-1 1.02186928e-1 1.02186928e-1
5.249648e0 6.0e-1 2.80915262e-1 2.80915262e-1
5.599637e0 6.0e-1 4.25577655e-1 4.25577655e-1
5.949628e0 6.0e-1 5.18647049e-1 5.18647049e-1
6.299617e0 6.0e-1 5.48837648e-1 5.48837648e-1
6.649608e0 6.0e-1 5.12477142e-1 5.12477142e-1
6.999597e0 6.0e-1 4.13967967e-1 4.13967967e-1

-7.0e0 7.0e-1 3.74472255e-1 3.74472255e-1
-6.65001e0 7.0e-1 4.63668188e-1 4.63668188e-1
-6.3000201e0 7.0e-1 4.96645465e-1 4.96645465e-1
-5.9500302e0 7.0e-1 4.69395369e-1 4.69395369e-1
-5.6000403e0 7.0e-1 3.85236139e-1 3.85236139e-1
-5.2500504e0 7.0e-1 2.5437033e-1 2.5437033e-1
-4.9000604e0 7.0e-1 9.2663104e-2 9.2663104e-2
-4.5500705e0 7.0e-1 -8.0264963e-2 -8.0264963e-2
-4.2000806e0 7.0e-1 -2.43472292e-1 -2.43472292e-1
-3.8500906e0 7.0e-1 -3.7716444e-1 -3.7716444e-1
-3.5001007e0 7.0e-1 -4.65113646e-1 -4.65113646e-1
-3.1501108e0 7.0e-1 -4.96680254e-1 -4.96680254e-1
-2.8001208e0 7.0e-1 -4.68014488e-1 -4.68014488e-1
-2.4501309e0 7.0e-1 -3.8260353e-1 -3.8260353e-1
-2.100141e0 7.0e-1 -2.50813797e-1 -2.50813797e-1
-1.750151e0 7.0e-1 -8.8604895e-2 -8.8604895e-2
-1.4001611e0 7.0e-1 8.43331e-2 8.43331e-2
-1.0501712e0 7.0e-1 2.47063538e-1 2.47063538e-1
-7.001813e-1 7.0e-1 3.79841766e-1 3.79841766e-1
-3.501913e-1 7.0e-1 4.66564105e-1 4.66564105e-1
-2.014e-4 7.0e-1 4.9671004e-1 4.9671004e-1
3.497885e-1 7.0e-1 4.6662868e-1 4.6662868e-1
6.997784e-1 7.0e-1 3.79965916e-1 3.79965916e-1
1.0497684e0 7.0e-1 2.47247337e-1 2.47247337e-1
1.3997583e0 7.0e-1 8.453183e-2 8.453183e-2
1.7497482e0 7.0e-1 -8.8406241e-2 -8.8406241e-2
2.0997382e0 7.0e-1 -2.5064493e-1 -2.5064493e-1
2.4497281e0 7.0e-1 -3.82474377e-1 -3.82474377e-1
2.799718e0 7.0e-1 -4.67959917e-1 -4.67959917e-1
3.149709e0 7.0e-1 -4.96680254e-1 -4.96680254e-1
3.499698e0 7.0e-1 -4.65183224e-1 -4.65183224e-1
3.849687e0 7.0e-1 -3.77293591e-1 -3.77293591e-1
4.199678e0 7.0e-1 -2.4365109e-1 -2.4365109e-1
4.549667e0 7.0e-1 -8.0453764e-2 -8.0453764e-2
4.899658e0 7.0e-1 9.2469376e-2 9.2469376e-2
5.249648e0 7.0e-1 2.54201385e-1 2.54201385e-1
5.599637e0 7.0e-1 3.85106987e-1 3.85106987e-1
5.949628e0 7.0e-1 4.69325867e-1 4.69325867e-1
6.299617e0 7.0e-1 4.96645465e-1 4.96645465e-1
6.649608e0 7.0e-1 4.63742694e-1 4.63742694e-1
6.999597e0 7.0e-1 3.74601332e-1 3.74601332e-1

-7.0e0 8.0e-1 3.38798218e-1 3.38798218e-1
-6.65001e0 8.0e-1 4.19496915e-1 4.19496915e-1
-6.3000201e0 8.0e-1 4.49332616e-1 4.49332616e-1
-5.9500302e0 8.0e-1 4.24678496e-1 4.24678496e-1
-5.6000403e0 8.0e-1 3.4853668e-1 3.4853668e-1
-5.2500504e0 8.0e-1 2.30137782e-1 2.30137782e-1
-4.9000604e0 8.0e-1 8.3835568e-2 8.3835568e-2
-4.5500705e0 8.0e-1 -7.2618533e-2 -7.2618533e-2
-4.2000806e0 8.0e-1 -2.20277945e-1 -2.20277945e-1
-3.8500906e0 8.0e-1 -3.41233931e-1 -3.41233931e-1
-3.5001007e0 8.0e-1 -4.2080467e-1 -4.2080467e-1
-3.1501108e0 8.0e-1 -4.49364091e-1 -4.49364091e-1
-2.8001208e0 8.0e-1 -4.23429166e-1 -4.23429166e-1
-2.4501309e0 8.0e-1 -3.46154866e-1 -3.46154866e-1
-2.100141e0 8.0e-1 -2.26920062e-1 -2.26920062e-1
-1.750151e0 8.0e-1 -8.0163963e-2 -8.0163963e-2
-1.4001611e0 8.0e-1 7.6299121e-2 7.6299121e-2
-1.0501712e0 8.0e-1 2.2352707e-1 2.2352707e-1
-7.001813e-1 8.0e-1 3.43656203e-1 3.43656203e-1
-3.501913e-1 8.0e-1 4.22116953e-1 4.22116953e-1
-2.014e-4 8.0e-1 4.4939104e-1 4.4939104e-1
3.497885e-1 8.0e-1 4.22175377e-1 4.22175377e-1
6.997784e-1 8.0e-1 3.43768526e-1 3.43768526e-1
1.0497684e0 8.0e-1 2.2369336e-1 2.2369336e-1
1.3997583e0 8.0e-1 7.647892e-2 7.647892e-2
1.7497482e0 8.0e-1 -7.9984235e-2 -7.9984235e-2
2.0997382e0 8.0e-1 -2.26767282e-1 -2.26767282e-1
2.4497281e0 8.0e-1 -3.46038019e-1 -3.46038019e-1
2.799718e0 8.0e-1 -4.23379793e-1 -4.23379793e-1
3.149709e0 8.0e-1 -4.49364091e-1 -4.49364091e-1
3.499698e0 8.0e-1 -4.20867621e-1 -4.20867621e-1
3.849687e0 8.0e-1 -3.4135078e-1 -3.4135078e-1
4.199678e0 8.0e-1 -2.20439708e-1 -2.20439708e-1
4.549667e0 8.0e-1 -7.278935e-2 -7.278935e-2
4.899658e0 8.0e-1 8.3660295e-2 8.3660295e-2
5.249648e0 8.0e-1 2.29984932e-1 2.29984932e-1
5.599637e0 8.0e-1 3.48419833e-1 3.48419833e-1
5.949628e0 8.0e-1 4.24615614e-1 4.24615614e-1
6.299617e0 8.0e-1 4.49332616e-1 4.49332616e-1
6.649608e0 8.0e-1 4.19564322e-1 4.19564322e-1
6.999597e0 8.0e-1 3.38914998e-1 3.38914998e-1

-7.0e0 9.0e-1 3.06607079e-1 3.06607079e-1
-6.65001e0 9.0e-1 3.79638136e-1 3.79638136e-1
-6.3000201e0 9.0e-1 4.06638979e-1 4.06638979e-1
-5.9500302e0 9.0e-1 3.84327386e-1 3.84327386e-1
-5.6000403e0 9.0e-1 3.15420236e-1 3.15420236e-1
-5.2500504e0 9.0e-1 2.08271088e-1 2.08271088e-1
-4.9000604e0 9.0e-1 7.5869876e-2 7.5869876e-2
-4.5500705e0 9.0e-1 -6.5718636e-2 -6.5718636e-2
-4.2000806e0 9.0e-1 -1.99348088e-1 -1.99348088e-1
-3.8500906e0 9.0e-1 -3.08811362e-1 -3.08811362e-1
-3.5001007e0 9.0e-1 -3.80821634e-1 -3.80821634e-1
-3.1501108e0 9.0e-1 -4.06667462e-1 -4.06667462e-1
-2.8001208e0 9.0e-1 -3.8319676e-1 -3.8319676e-1
-2.4501309e0 9.0e-1 -3.13264731e-1 -3.13264731e-1
-2.100141e0 9.0e-1 -2.05359102e-1 -2.05359102e-1
-1.750151e0 9.0e-1 -7.2547131e-2 -7.2547131e-2
-1.4001611e0 9.0e-1 6.9049509e-2 6.9049509e-2
-1.0501712e0 9.0e-1 2.02288496e-1 2.02288496e-1
-7.001813e-1 9.0e-1 3.1100348e-1 3.1100348e-1
-3.501913e-1 9.0e-1 3.82009229e-1 3.82009229e-1
-2.014e-4 9.0e-1 4.06691852e-1 4.06691852e-1
3.497885e-1 9.0e-1 3.82062102e-1 3.82062102e-1
6.997784e-1 9.0e-1 3.1110513e-1 3.1110513e-1
1.0497684e0 9.0e-1 2.02438986e-1 2.02438986e-1
1.3997583e0 9.0e-1 6.9212224e-2 6.9212224e-2
1.7497482e0 9.0e-1 -7.2384479e-2 -7.2384479e-2
2.0997382e0 9.0e-1 -2.05220837e-1 -2.05220837e-1
2.4497281e0 9.0e-1 -3.13158986e-1 -3.13158986e-1
2.799718e0 9.0e-1 -3.8315208e-1 -3.8315208e-1
3.149709e0 9.0e-1 -4.06667462e-1 -4.06667462e-1
3.499698e0 9.0e-1 -3.80878603e-1 -3.80878603e-1
3.849687e0 9.0e-1 -3.08917107e-1 -3.08917107e-1
4.199678e0 9.0e-1 -1.99494482e-1 -1.99494482e-1
4.549667e0 9.0e-1 -6.5873221e-2 -6.5873221e-2
4.899658e0 9.0e-1 7.5711256e-2 7.5711256e-2
5.249648e0 9.0e-1 2.0813276e-1 2.0813276e-1
5.599637e0 9.0e-1 3.1531449e-1 3.1531449e-1
5.949628e0 9.0e-1 3.84270479e-1 3.84270479e-1
6.299617e0 9.0e-1 4.06638979e-1 4.06638979e-1
6.649608e0 9.0e-1 3.79699138e-1 3.79699138e-1
6.999597e0 9.0e-1 3.06712762e-1 3.06712762e-1

-7.0e0 1.0e0 2.7733356e-1 2.7733356e-1
-6.65001e0 1.0e0 3.43391928e-1 3.43391928e-1
-6.3000201e0 1.0e0 3.67814847e-1 3.67814847e-1
-5.9500302e0 1.0e0 3.47633469e-1 3.47633469e-1
-5.6000403e0 1.0e0 2.85305275e-1 2.85305275e-1
-5.2500504e0 1.0e0 1.88386264e-1 1.88386264e-1
-4.9000604e0 1.0e0 6.8626147e-2 6.8626147e-2
-4.5500705e0 1.0e0 -5.9444104e-2 -5.9444104e-2
-4.2000806e0 1.0e0 -1.80315195e-1 -1.80315195e-1
-3.8500906e0 1.0e0 -2.79327388e-1 -2.79327388e-1
-3.5001007e0 1.0e0 -3.44462431e-1 -3.44462431e-1
-3.1501108e0 1.0e0 -3.67840611e-1 -3.67840611e-1
-2.8001208e0 1.0e0 -3.46610791e-1 -3.46610791e-1
-2.4501309e0 1.0e0 -2.8335557e-1 -2.8335557e-1
-2.100141e0 1.0e0 -1.85752303e-1 -1.85752303e-1
-1.750151e0 1.0e0 -6.5620645e-2 -6.5620645e-2
-1.4001611e0 1.0e0 6.2456961e-2 6.2456961e-2
-1.0501712e0 1.0e0 1.82974866e-1 1.82974866e-1
-7.001813e-1 1.0e0 2.81310213e-1 2.81310213e-1
-3.501913e-1 1.0e0 3.4553664e-1 3.4553664e-1
-2.014e-4 1.0e0 3.67862671e-1 3.67862671e-1
3.497885e-1 1.0e0 3.45584464e-1 3.45584464e-1
6.997784e-1 1.0e0 2.81402158e-1 2.81402158e-1
1.0497684e0 1.0e0 1.83110986e-1 1.83110986e-1
1.3997583e0 1.0e0 6.260414e-2 6.260414e-2
1.7497482e0 1.0e0 -6.5473521e-2 -6.5473521e-2
2.0997382e0 1.0e0 -1.85627238e-1 -1.85627238e-1
2.4497281e0 1.0e0 -2.8325992e-1 -2.8325992e-1
2.799718e0 1.0e0 -3.46570375e-1 -3.46570375e-1
3.149709e0 1.0e0 -3.67840611e-1 -3.67840611e-1
3.499698e0 1.0e0 -3.4451396e-1 -3.4451396e-1
3.849687e0 1.0e0 -2.79423038e-1 -2.79423038e-1
4.199678e0 1.0e0 -1.80447612e-1 -1.80447612e-1
4.549667e0 1.0e0 -5.958393e-2 -5.958393e-2
4.899658e0 1.0e0 6.8482674e-2 6.8482674e-2
5.249648e0 1.0e0 1.88261145e-1 1.88261145e-1
5.599637e0 1.0e0 2.85209625e-1 2.85209625e-1
5.949628e0 1.0e0 3.47581995e-1 3.47581995e-1
6.299617e0 1.0e0 3.67814847e-1 3.67814847e-1
6.649608e0 1.0e0 3.43447105e-1 3.43447105e-1
6.999597e0 1.0e0 2.77429155e-1 2.77429155e-1

-7.0e0 1.1e0 2.51030348e-1 2.51030348e-1
-6.65001e0 1.1e0 3.10823526e-1 3.10823526e-1
-6.3000201e0 1.1e0 3.32930096e-1 3.32930096e-1
-5.9500302e0 1.1e0 3.14662785e-1 3.14662785e-1
-5.6000403e0 1.1e0 2.58245999e-1 2.58245999e-1
-5.2500504e0 1.1e0 1.70519101e-1 1.70519101e-1
-4.9000604e0 1.1e0 6.2117422e-2 6.2117422e-2
-4.5500705e0 1.1e0 -5.3806233e-2 -5.3806233e-2
-4.2000806e0 1.1e0 -1.63213518e-1 -1.63213518e-1
-3.8500906e0 1.1e0 -2.52835074e-1 -2.52835074e-1
-3.5001007e0 1.1e0 -3.11792499e-1 -3.11792499e-1
-3.1501108e0 1.1e0 -3.32953416e-1 -3.32953416e-1
-2.8001208e0 1.1e0 -3.137371e-1 -3.137371e-1
-2.4501309e0 1.1e0 -2.56481209e-1 -2.56481209e-1
-2.100141e0 1.1e0 -1.68134952e-1 -1.68134952e-1
-1.750151e0 1.1e0 -5.9396971e-2 -5.9396971e-2
-1.4001611e0 1.1e0 5.653334e-2 5.653334e-2
-1.0501712e0 1.1e0 1.65620937e-1 1.65620937e-1
-7.001813e-1 1.1e0 2.54629842e-1 2.54629842e-1
-3.501913e-1 1.1e0 3.12764825e-1 3.12764825e-1
-2.014e-4 1.1e0 3.32973384e-1 3.32973384e-1
3.497885e-1 1.1e0 3.12808115e-1 3.12808115e-1
6.997784e-1 1.1e0 2.54713066e-1 2.54713066e-1
1.0497684e0 1.1e0 1.65744148e-1 1.65744148e-1
1.3997583e0 1.1e0 5.666656e-2 5.666656e-2
1.7497482e0 1.1e0 -5.9263802e-2 -5.9263802e-2
2.0997382e0 1.1e0 -1.6802175e-1 -1.6802175e-1
2.4497281e0 1.1e0 -2.56394632e-1 -2.56394632e-1
2.799718e0 1.1e0 -3.13700519e-1 -3.13700519e-1
3.149709e0 1.1e0 -3.32953416e-1 -3.32953416e-1
3.499698e0 1.1e0 -3.11839142e-1 -3.11839142e-1
3.849687e0 1.1e0 -2.52921652e-1 -2.52921652e-1
4.199678e0 1.1e0 -1.63333376e-1 -1.63333376e-1
4.549667e0 1.1e0 -5.3932797e-2 -5.3932797e-2
4.899658e0 1.1e0 6.1987555e-2 6.1987555e-2
5.249648e0 1.1e0 1.70405849e-1 1.70405849e-1
5.599637e0 1.1e0 2.58159421e-1 2.58159421e-1
5.949628e0 1.1e0 3.14616194e-1 3.14616194e-1
6.299617e0 1.1e0 3.32930096e-1 3.32930096e-1
6.649608e0 1.1e0 3.10873471e-1 3.10873471e-1
6.999597e0 1.1e0 2.51116875e-1 2.51116875e-1

-7.0e0 1.2e0 2.27124454e-1 2.27124454e-1
-6.65001e0 1.2e0 2.81223462e-1 2.81223462e-1
-6.3000201e0 1.2e0 3.012248e-1 3.012248e-1
-5.9500302e0 1.2e0 2.84697105e-1 2.84697105e-1
-5.6000403e0 1.2e0 2.33652951e-1 2.33652951e-1
-5.2500504e0 1.2e0 1.5428038e-1 1.5428038e-1
-4.9000604e0 1.2e0 5.6201912e-2 5.6201912e-2
-4.5500705e0 1.2e0 -4.8682207e-2 -4.8682207e-2
-4.2000806e0 1.2e0 -1.47670517e-1 -1.47670517e-1
-3.8500906e0 1.2e0 -2.28757314e-1 -2.28757314e-1
-3.5001007e0 1.2e0 -2.82100159e-1 -2.82100159e-1
-3.1501108e0 1.2e0 -3.012459e-1 -3.012459e-1
-2.8001208e0 1.2e0 -2.83859575e-1 -2.83859575e-1
-2.4501309e0 1.2e0 -2.32056224e-1 -2.32056224e-1
-2.100141e0 1.2e0 -1.52123277e-1 -1.52123277e-1
-1.750151e0 1.2e0 -5.3740532e-2 -5.3740532e-2
-1.4001611e0 1.2e0 5.1149608e-2 5.1149608e-2
-1.0501712e0 1.2e0 1.49848674e-1 1.49848674e-1
-7.001813e-1 1.2e0 2.30381163e-1 2.30381163e-1
-3.501913e-1 1.2e0 2.8297989e-1 2.8297989e-1
-2.014e-4 1.2e0 3.01263966e-1 3.01263966e-1
3.497885e-1 1.2e0 2.83019057e-1 2.83019057e-1
6.997784e-1 1.2e0 2.30456462e-1 2.30456462e-1
1.0497684e0 1.2e0 1.49960152e-1 1.49960152e-1
1.3997583e0 1.2e0 5.1270142e-2 5.1270142e-2
1.7497482e0 1.2e0 -5.3620044e-2 -5.3620044e-2
2.0997382e0 1.2e0 -1.52020856e-1 -1.52020856e-1
2.4497281e0 1.2e0 -2.31977892e-1 -2.31977892e-1
2.799718e0 1.2e0 -2.83826476e-1 -2.83826476e-1
3.149709e0 1.2e0 -3.012459e-1 -3.012459e-1
3.499698e0 1.2e0 -2.8214236e-1 -2.8214236e-1
3.849687e0 1.2e0 -2.28835648e-1 -2.28835648e-1
4.199678e0 1.2e0 -1.4777896e-1 -1.4777896e-1
4.549667e0 1.2e0 -4.8796718e-2 -4.8796718e-2
4.899658e0 1.2e0 5.6084412e-2 5.6084412e-2
5.249648e0 1.2e0 1.54177913e-1 1.54177913e-1
5.599637e0 1.2e0 2.33574619e-1 2.33574619e-1
5.949628e0 1.2e0 2.8465495e-1 2.8465495e-1
6.299617e0 1.2e0 3.012248e-1 3.012248e-1
6.649608e0 1.2e0 2.81268651e-1 2.81268651e-1
6.999597e0 1.2e0 2.2720274e-1 2.2720274e-1

-7.0e0 1.3e0 2.05472777e-1 2.05472777e-1
-6.65001e0 1.3e0 2.5441455e-1 2.5441455e-1
-6.3000201e0 1.3e0 2.72509167e-1 2.72509167e-1
-5.9500302e0 1.3e0 2.57557051e-1 2.57557051e-1
-5.6000403e0 1.3e0 2.11378914e-1 2.11378914e-1
-5.2500504e0 1.3e0 1.39572897e-1 1.39572897e-1
-4.9000604e0 1.3e0 5.0844208e-2 5.0844208e-2
-4.5500705e0 1.3e0 -4.4041353e-2 -4.4041353e-2
-4.2000806e0 1.3e0 -1.33593149e-1 -1.33593149e-1
-3.8500906e0 1.3e0 -2.06949976e-1 -2.06949976e-1
-3.5001007e0 1.3e0 -2.5520767e-1 -2.5520767e-1
-3.1501108e0 1.3e0 -2.72528256e-1 -2.72528256e-1
-2.8001208e0 1.3e0 -2.56799362e-1 -2.56799362e-1
-2.4501309e0 1.3e0 -2.09934402e-1 -2.09934402e-1
-2.100141e0 1.3e0 -1.3762143e-1 -1.3762143e-1
-1.750151e0 1.3e0 -4.861747e-2 -4.861747e-2
-1.4001611e0 1.3e0 4.6273538e-2 4.6273538e-2
-1.0501712e0 1.3e0 1.35563664e-1 1.35563664e-1
-7.001813e-1 1.3e0 2.08419025e-1 2.08419025e-1
-3.501913e-1 1.3e0 2.56003537e-1 2.56003537e-1
-2.014e-4 1.3e0 2.725446e-1 2.725446e-1
3.497885e-1 1.3e0 2.5603897e-1 2.5603897e-1
6.997784e-1 1.3e0 2.08487146e-1 2.08487146e-1
1.0497684e0 1.3e0 1.35664514e-1 1.35664514e-1
1.3997583e0 1.3e0 4.638258e-2 4.638258e-2
1.7497482e0 1.3e0 -4.8508469e-2 -4.8508469e-2
2.0997382e0 1.3e0 -1.37528772e-1 -1.37528772e-1
2.4497281e0 1.3e0 -2.09863538e-1 -2.09863538e-1
2.799718e0 1.3e0 -2.56769418e-1 -2.56769418e-1
3.149709e0 1.3e0 -2.72528256e-1 -2.72528256e-1
3.499698e0 1.3e0 -2.55245848e-1 -2.55245848e-1
3.849687e0 1.3e0 -2.07020842e-1 -2.07020842e-1
4.199678e0 1.3e0 -1.33691255e-1 -1.33691255e-1
4.549667e0 1.3e0 -4.4144948e-2 -4.4144948e-2
4.899658e0 1.3e0 5.0737909e-2 5.0737909e-2
5.249648e0 1.3e0 1.39480199e-1 1.39480199e-1
5.599637e0 1.3e0 2.11308049e-1 2.11308049e-1
5.949628e0 1.3e0 2.57518915e-1 2.57518915e-1
6.299617e0 1.3e0 2.72509167e-1 2.72509167e-1
6.649608e0 1.3e0 2.54455429e-1 2.54455429e-1
6.999597e0 1.3e0 2.055436e-1 2.055436e-1

-7.0e0 1.4e0 1.85954529e-1 1.85954529e-1
-6.65001e0 1.4e0 2.30247229e-1 2.30247229e-1
-6.3000201e0 1.4e0 2.46623006e-1 2.46623006e-1
-5.9500302e0 1.4e0 2.33091219e-1 2.33091219e-1
-5.6000403e0 1.4e0 1.9129963e-1 1.9129963e-1
-5.2500504e0 1.4e0 1.26314604e-1 1.26314604e-1
-4.9000604e0 1.4e0 4.601442e-2 4.601442e-2
-4.5500705e0 1.4e0 -3.985778e-2 -3.985778e-2
-4.2000806e0 1.4e0 -1.20902882e-1 -1.20902882e-1
-3.8500906e0 1.4e0 -1.87291406e-1 -1.87291406e-1
-3.5001007e0 1.4e0 -2.3096501e-1 -2.3096501e-1
-3.1501108e0 1.4e0 -2.46640282e-1 -2.46640282e-1
-2.8001208e0 1.4e0 -2.32405504e-1 -2.32405504e-1
-2.4501309e0 1.4e0 -1.89992336e-1 -1.89992336e-1
-2.100141e0 1.4e0 -1.24548509e-1 -1.24548509e-1
-1.750151e0 1.4e0 -4.3999205e-2 -4.3999205e-2
-1.4001611e0 1.4e0 4.1877927e-2 4.1877927e-2
-1.0501712e0 1.4e0 1.22686215e-1 1.22686215e-1
-7.001813e-1 1.4e0 1.88620908e-1 1.88620908e-1
-3.501913e-1 1.4e0 2.31685277e-1 2.31685277e-1
-2.014e-4 1.4e0 2.46655072e-1 2.46655072e-1
3.497885e-1 1.4e0 2.31717343e-1 2.31717343e-1
6.997784e-1 1.4e0 1.88682558e-1 1.88682558e-1
1.0497684e0 1.4e0 1.22777486e-1 1.22777486e-1
1.3997583e0 1.4e0 4.1976611e-2 4.1976611e-2
1.7497482e0 1.4e0 -4.3900557e-2 -4.3900557e-2
2.0997382e0 1.4e0 -1.24464653e-1 -1.24464653e-1
2.4497281e0 1.4e0 -1.89928203e-1 -1.89928203e-1
2.799718e0 1.4e0 -2.32378406e-1 -2.32378406e-1
3.149709e0 1.4e0 -2.46640282e-1 -2.46640282e-1
3.499698e0 1.4e0 -2.30999562e-1 -2.30999562e-1
3.849687e0 1.4e0 -1.8735554e-1 -1.8735554e-1
4.199678e0 1.4e0 -1.20991669e-1 -1.20991669e-1
4.549667e0 1.4e0 -3.9951535e-2 -3.9951535e-2
4.899658e0 1.4e0 4.5918219e-2 4.5918219e-2
5.249648e0 1.4e0 1.2623071e-1 1.2623071e-1
5.599637e0 1.4e0 1.91235497e-1 1.91235497e-1
5.949628e0 1.4e0 2.33056705e-1 2.33056705e-1
6.299617e0 1.4e0 2.46623006e-1 2.46623006e-1
6.649608e0 1.4e0 2.30284227e-1 2.30284227e-1
6.999597e0 1.4e0 1.86018625e-1 1.86018625e-1

-7.0e0 1.5e0 1.68222995e-1 1.68222995e-1
-6.65001e0 1.5e0 2.08292204e-1 2.08292204e-1
-6.3000201e0 1.5e0 2.23106483e-1 2.23106483e-1
-5.9500302e0 1.5e0 2.10865009e-1 2.10865009e-1
-5.6000403e0 1.5e0 1.73058421e-1 1.73058421e-1
-5.2500504e0 1.5e0 1.14269984e-1 1.14269984e-1
-4.9000604e0 1.5e0 4.1626755e-2 4.1626755e-2
-4.5500705e0 1.5e0 -3.6057176e-2 -3.6057176e-2
-4.2000806e0 1.5e0 -1.09374294e-1 -1.09374294e-1
-3.8500906e0 1.5e0 -1.69432397e-1 -1.69432397e-1
-3.5001007e0 1.5e0 -2.08941544e-1 -2.08941544e-1
-3.1501108e0 1.5e0 -2.23122112e-1 -2.23122112e-1
-2.8001208e0 1.5e0 -2.1024468e-1 -2.1024468e-1
-2.4501309e0 1.5e0 -1.71875783e-1 -1.71875783e-1
-2.100141e0 1.5e0 -1.12672295e-1 -1.12672295e-1
-1.750151e0 1.5e0 -3.9803699e-2 -3.9803699e-2
-1.4001611e0 1.5e0 3.7884694e-2 3.7884694e-2
-1.0501712e0 1.5e0 1.10987578e-1 1.10987578e-1
-7.001813e-1 1.5e0 1.70635124e-1 1.70635124e-1
-3.501913e-1 1.5e0 2.09593127e-1 2.09593127e-1
-2.014e-4 1.5e0 2.23135492e-1 2.23135492e-1
3.497885e-1 1.5e0 2.09622137e-1 2.09622137e-1
6.997784e-1 1.5e0 1.70690897e-1 1.70690897e-1
1.0497684e0 1.5e0 1.11070145e-1 1.11070145e-1
1.3997583e0 1.5e0 3.7973969e-2 3.7973969e-2
1.7497482e0 1.5e0 -3.9714458e-2 -3.9714458e-2
2.0997382e0 1.5e0 -1.12596436e-1 -1.12596436e-1
2.4497281e0 1.5e0 -1.71817764e-1 -1.71817764e-1
2.799718e0 1.5e0 -2.10220164e-1 -2.10220164e-1
3.149709e0 1.5e0 -2.23122112e-1 -2.23122112e-1
3.499698e0 1.5e0 -2.089728e-1 -2.089728e-1
3.849687e0 1.5e0 -1.69490416e-1 -1.69490416e-1
4.199678e0 1.5e0 -1.09454614e-1 -1.09454614e-1
4.549667e0 1.5e0 -3.614199e-2 -3.614199e-2
4.899658e0 1.5e0 4.1539726e-2 4.1539726e-2
5.249648e0 1.5e0 1.1419409e-1 1.1419409e-1
5.599637e0 1.5e0 1.73000403e-1 1.73000403e-1
5.949628e0 1.5e0 2.10833786e-1 2.10833786e-1
6.299617e0 1.5e0 2.23106483e-1 2.23106483e-1
6.649608e0 1.5e0 2.08325674e-1 2.08325674e-1
6.999597e0 1.5e0 1.6828098e-1 1.6828098e-1

-7.0e0 1.6e0 1.52232971e-1 1.52232971e-1
-6.65001e0 1.6e0 1.884935e-1 1.884935e-1
-6.3000201e0 1.6e0 2.01899643e-1 2.01899643e-1
-5.9500302e0 1.6e0 1.90821751e-1 1.90821751e-1
-5.6000403e0 1.6e0 1.56608777e-1 1.56608777e-1
-5.2500504e0 1.6e0 1.03408331e-1 1.03408331e-1
-4.9000604e0 1.6e0 3.7670026e-2 3.7670026e-2
-4.5500705e0 1.6e0 -3.262985e-2 -3.262985e-2
-4.2000806e0 1.6e0 -9.8977988e-2 -9.8977988e-2
-3.8500906e0 1.6e0 -1.53327415e-1 -1.53327415e-1
-3.5001007e0 1.6e0 -1.89081116e-1 -1.89081116e-1
-3.1501108e0 1.6e0 -2.01913785e-1 -2.01913785e-1
-2.8001208e0 1.6e0 -1.90260387e-1 -1.90260387e-1
-2.4501309e0 1.6e0 -1.5553855e-1 -1.5553855e-1
-2.100141e0 1.6e0 -1.01962506e-1 -1.01962506e-1
-1.750151e0 1.6e0 -3.6020255e-2 -3.6020255e-2
-1.4001611e0 1.6e0 3.4283656e-2 3.4283656e-2
-1.0501712e0 1.6e0 1.00437924e-1 1.00437924e-1
-7.001813e-1 1.6e0 1.5441582e-1 1.5441582e-1
-3.501913e-1 1.6e0 1.89670767e-1 1.89670767e-1
-2.014e-4 1.6e0 2.01925894e-1 2.01925894e-1
3.497885e-1 1.6e0 1.89697018e-1 1.89697018e-1
6.997784e-1 1.6e0 1.5446629e-1 1.5446629e-1
1.0497684e0 1.6e0 1.00512643e-1 1.00512643e-1
1.3997583e0 1.6e0 3.4364445e-2 3.4364445e-2
1.7497482e0 1.6e0 -3.5939497e-2 -3.5939497e-2
2.0997382e0 1.6e0 -1.01893857e-1 -1.01893857e-1
2.4497281e0 1.6e0 -1.55486047e-1 -1.55486047e-1
2.799718e0 1.6e0 -1.90238202e-1 -1.90238202e-1
3.149709e0 1.6e0 -2.01913785e-1 -2.01913785e-1
3.499698e0 1.6e0 -1.89109401e-1 -1.89109401e-1
3.849687e0 1.6e0 -1.5337992e-1 -1.5337992e-1
4.199678e0 1.6e0 -9.9050673e-2 -9.9050673e-2
4.549667e0 1.6e0 -3.2706602e-2 -3.2706602e-2
4.899658e0 1.6e0 3.759127e-2 3.759127e-2
5.249648e0 1.6e0 1.0333965e-1 1.0333965e-1
5.599637e0 1.6e0 1.56556273e-1 1.56556273e-1
5.949628e0 1.6e0 1.90793497e-1 1.90793497e-1
6.299617e0 1.6e0 2.01899643e-1 2.01899643e-1
6.649608e0 1.6e0 1.88523787e-1 1.88523787e-1
6.999597e0 1.6e0 1.52285443e-1 1.52285443e-1

-7.0e0 1.7e0 1.37765887e-1 1.37765887e-1
-6.65001e0 1.7e0 1.70580486e-1 1.70580486e-1
-6.3000201e0 1.7e0 1.8271261e-1 1.8271261e-1
-5.9500302e0 1.7e0 1.72687479e-1 1.72687479e-1
-5.6000403e0 1.7e0 1.4172585e-1 1.4172585e-1
-5.2500504e0 1.7e0 9.3581177e-2 9.3581177e-2
-4.9000604e0 1.7e0 3.4090147e-2 3.4090147e-2
-4.5500705e0 1.7e0 -2.9528954e-2 -2.9528954e-2
-4.2000806e0 1.7e0 -8.957186e-2 -8.957186e-2
-3.8500906e0 1.7e0 -1.38756323e-1 -1.38756323e-1
-3.5001007e0 1.7e0 -1.7111226e-1 -1.7111226e-1
-3.1501108e0 1.7e0 -1.82725409e-1 -1.82725409e-1
-2.8001208e0 1.7e0 -1.72179462e-1 -1.72179462e-1
-2.4501309e0 1.7e0 -1.40757329e-1 -1.40757329e-1
-2.100141e0 1.7e0 -9.2272751e-2 -9.2272751e-2
-1.750151e0 1.7e0 -3.2597159e-2 -3.2597159e-2
-1.4001611e0 1.7e0 3.1025594e-2 3.1025594e-2
-1.0501712e0 1.7e0 9.0893056e-2 9.0893056e-2
-7.001813e-1 1.7e0 1.39741295e-1 1.39741295e-1
-3.501913e-1 1.7e0 1.71645876e-1 1.71645876e-1
-2.014e-4 1.7e0 1.82736368e-1 1.82736368e-1
3.497885e-1 1.7e0 1.71669632e-1 1.71669632e-1
6.997784e-1 1.7e0 1.39786969e-1 1.39786969e-1
1.0497684e0 1.7e0 9.0960674e-2 9.0960674e-2
1.3997583e0 1.7e0 3.1098706e-2 3.1098706e-2
1.7497482e0 1.7e0 -3.2524075e-2 -3.2524075e-2
2.0997382e0 1.7e0 -9.2210626e-2 -9.2210626e-2
2.4497281e0 1.7e0 -1.40709816e-1 -1.40709816e-1
2.799718e0 1.7e0 -1.72159386e-1 -1.72159386e-1
3.149709e0 1.7e0 -1.82725409e-1 -1.82725409e-1
3.499698e0 1.7e0 -1.71137859e-1 -1.71137859e-1
3.849687e0 1.7e0 -1.38803838e-1 -1.38803838e-1
4.199678e0 1.7e0 -8.9637637e-2 -8.9637637e-2
4.549667e0 1.7e0 -2.9598412e-2 -2.9598412e-2
4.899658e0 1.7e0 3.4018877e-2 3.4018877e-2
5.249648e0 1.7e0 9.3519023e-2 9.3519023e-2
5.599637e0 1.7e0 1.41678336e-1 1.41678336e-1
5.949628e0 1.7e0 1.7266191e-1 1.7266191e-1
6.299617e0 1.7e0 1.8271261e-1 1.8271261e-1
6.649608e0 1.7e0 1.70607896e-1 1.70607896e-1
6.999597e0 1.7e0 1.37813374e-1 1.37813374e-1

-7.0e0 1.8e0 1.24640681e-1 1.24640681e-1
-6.65001e0 1.8e0 1.54328973e-1 1.54328973e-1
-6.3000201e0 1.8e0 1.65305249e-1 1.65305249e-1
-5.9500302e0 1.8e0 1.5623523e-1 1.5623523e-1
-5.6000403e0 1.8e0 1.2822337e-1 1.2822337e-1
-5.2500504e0 1.8e0 8.4665527e-2 8.4665527e-2
-4.9000604e0 1.8e0 3.0842317e-2 3.0842317e-2
-4.5500705e0 1.8e0 -2.6715675e-2 -2.6715675e-2
-4.2000806e0 1.8e0 -8.1038187e-2 -8.1038187e-2
-3.8500906e0 1.8e0 -1.25536757e-1 -1.25536757e-1
-3.5001007e0 1.8e0 -1.54810085e-1 -1.54810085e-1
-3.1501108e0 1.8e0 -1.65316827e-1 -1.65316827e-1
-2.8001208e0 1.8e0 -1.55775612e-1 -1.55775612e-1
-2.4501309e0 1.8e0 -1.27347124e-1 -1.27347124e-1
-2.100141e0 1.8e0 -8.348176e-2 -8.348176e-2
-1.750151e0 1.8e0 -2.949157e-2 -2.949157e-2
-1.4001611e0 1.8e0 2.806973e-2 2.806973e-2
-1.0501712e0 1.8e0 8.2233508e-2 8.2233508e-2
-7.001813e-1 1.8e0 1.26427888e-1 1.26427888e-1
-3.501913e-1 1.8e0 1.5529286e-1 1.5529286e-1
-2.014e-4 1.8e0 1.65326743e-1 1.65326743e-1
3.497885e-1 1.8e0 1.55314355e-1 1.55314355e-1
6.997784e-1 1.8e0 1.26469211e-1 1.26469211e-1
1.0497684e0 1.8e0 8.2294685e-2 8.2294685e-2
1.3997583e0 1.8e0 2.8135875e-2 2.8135875e-2
1.7497482e0 1.8e0 -2.9425449e-2 -2.9425449e-2
2.0997382e0 1.8e0 -8.3425552e-2 -8.3425552e-2
2.4497281e0 1.8e0 -1.27304137e-1 -1.27304137e-1
2.799718e0 1.8e0 -1.55757448e-1 -1.55757448e-1
3.149709e0 1.8e0 -1.65316827e-1 -1.65316827e-1
3.499698e0 1.8e0 -1.54833244e-1 -1.54833244e-1
3.849687e0 1.8e0 -1.25579744e-1 -1.25579744e-1
4.199678e0 1.8e0 -8.1097697e-2 -8.1097697e-2
4.549667e0 1.8e0 -2.6778517e-2 -2.6778517e-2
4.899658e0 1.8e0 3.0777837e-2 3.0777837e-2
5.249648e0 1.8e0 8.4609296e-2 8.4609296e-2
5.599637e0 1.8e0 1.28180383e-1 1.28180383e-1
5.949628e0 1.8e0 1.56212096e-1 1.56212096e-1
6.299617e0 1.8e0 1.65305249e-1 1.65305249e-1
6.649608e0 1.8e0 1.54353772e-1 1.54353772e-1
6.999597e0 1.8e0 1.24683644e-1 1.24683644e-1

-7.0e0 1.9e0 1.12721613e-1 1.12721613e-1
-6.65001e0 1.9e0 1.3957089e-1 1.3957089e-1
-6.3000201e0 1.9e0 1.49497531e-1 1.49497531e-1
-5.9500302e0 1.9e0 1.41294855e-1 1.41294855e-1
-5.6000403e0 1.9e0 1.15961697e-1 1.15961697e-1
-5.2500504e0 1.9e0 7.656918e-2 7.656918e-2
-4.9000604e0 1.9e0 2.7892946e-2 2.7892946e-2
-4.5500705e0 1.9e0 -2.4160924e-2 -2.4160924e-2
-4.2000806e0 1.9e0 -7.3288712e-2 -7.3288712e-2
-3.8500906e0 1.9e0 -1.13531999e-1 -1.13531999e-1
-3.5001007e0 1.9e0 -1.40005994e-1 -1.40005994e-1
-3.1501108e0 1.9e0 -1.49508003e-1 -1.49508003e-1
-2.8001208e0 1.9e0 -1.40879189e-1 -1.40879189e-1
-2.4501309e0 1.9e0 -1.15169244e-1 -1.15169244e-1
-2.100141e0 1.9e0 -7.5498611e-2 -7.5498611e-2
-1.750151e0 1.9e0 -2.6671365e-2 -2.6671365e-2
-1.4001611e0 1.9e0 2.5385493e-2 2.5385493e-2
-1.0501712e0 1.9e0 7.436973e-2 7.436973e-2
-7.001813e-1 1.9e0 1.14337914e-1 1.14337914e-1
-3.501913e-1 1.9e0 1.40442603e-1 1.40442603e-1
-2.014e-4 1.9e0 1.4951697e-1 1.4951697e-1
3.497885e-1 1.9e0 1.4046204e-1 1.4046204e-1
6.997784e-1 1.9e0 1.14375284e-1 1.14375284e-1
1.0497684e0 1.9e0 7.4425055e-2 7.4425055e-2
1.3997583e0 1.9e0 2.5445314e-2 2.5445314e-2
1.7497482e0 1.9e0 -2.6611568e-2 -2.6611568e-2
2.0997382e0 1.9e0 -7.544778e-2 -7.544778e-2
2.4497281e0 1.9e0 -1.15130368e-1 -1.15130368e-1
2.799718e0 1.9e0 -1.40862762e-1 -1.40862762e-1
3.149709e0 1.9e0 -1.49508003e-1 -1.49508003e-1
3.499698e0 1.9e0 -1.40026936e-1 -1.40026936e-1
3.849687e0 1.9e0 -1.13570876e-1 -1.13570876e-1
4.199678e0 1.9e0 -7.3342532e-2 -7.3342532e-2
4.549667e0 1.9e0 -2.4217757e-2 -2.4217757e-2
4.899658e0 1.9e0 2.7834631e-2 2.7834631e-2
5.249648e0 1.9e0 7.6518326e-2 7.6518326e-2
5.599637e0 1.9e0 1.15922821e-1 1.15922821e-1
5.949628e0 1.9e0 1.41273933e-1 1.41273933e-1
6.299617e0 1.9e0 1.49497531e-1 1.49497531e-1
6.649608e0 1.9e0 1.39593317e-1 1.39593317e-1
6.999597e0 1.9e0 1.12760466e-1 1.12760466e-1

-7.0e0 2.0e0 1.02022714e-1 1.02022714e-1
-6.65001e0 2.0e0 1.2632361e-1 1.2632361e-1
-6.3000201e0 2.0e0 1.3530807e-1 1.3530807e-1
-5.9500302e0 2.0e0 1.27883945e-1 1.27883945e-1
-5.6000403e0 2.0e0 1.04955269e-1 1.04955269e-1
-5.2500504e0 2.0e0 6.9301666e-2 6.9301666e-2
-4.9000604e0 2.0e0 2.5245505e-2 2.5245505e-2
-4.5500705e0 2.0e0 -2.1867706e-2 -2.1867706e-2
-4.2000806e0 2.0e0 -6.633256e-2 -6.633256e-2
-3.8500906e0 2.0e0 -1.02756183e-1 -1.02756183e-1
-3.5001007e0 2.0e0 -1.26717415e-1 -1.26717415e-1
-3.1501108e0 2.0e0 -1.35317548e-1 -1.35317548e-1
-2.8001208e0 2.0e0 -1.27507733e-1 -1.27507733e-1
-2.4501309e0 2.0e0 -1.0423803e-1 -1.0423803e-1
-2.100141e0 2.0e0 -6.833271e-2 -6.833271e-2
-1.750151e0 2.0e0 -2.413987e-2 -2.413987e-2
-1.4001611e0 2.0e0 2.2976045e-2 2.2976045e-2
-1.0501712e0 2.0e0 6.7310974e-2 6.7310974e-2
-7.001813e-1 2.0e0 1.03485605e-1 1.03485605e-1
-3.501913e-1 2.0e0 1.27112584e-1 1.27112584e-1
-2.014e-4 2.0e0 1.35325664e-1 1.35325664e-1
3.497885e-1 2.0e0 1.27130177e-1 1.27130177e-1
6.997784e-1 2.0e0 1.03519429e-1 1.03519429e-1
1.0497684e0 2.0e0 6.7361049e-2 6.7361049e-2
1.3997583e0 2.0e0 2.3030188e-2 2.3030188e-2
1.7497482e0 2.0e0 -2.4085748e-2 -2.4085748e-2
2.0997382e0 2.0e0 -6.8286703e-2 -6.8286703e-2
2.4497281e0 2.0e0 -1.04202844e-1 -1.04202844e-1
2.799718e0 2.0e0 -1.27492865e-1 -1.27492865e-1
3.149709e0 2.0e0 -1.35317548e-1 -1.35317548e-1
3.499698e0 2.0e0 -1.26736371e-1 -1.26736371e-1
3.849687e0 2.0e0 -1.0279137e-1 -1.0279137e-1
4.199678e0 2.0e0 -6.6381273e-2 -6.6381273e-2
4.549667e0 2.0e0 -2.1919144e-2 -2.1919144e-2
4.899658e0 2.0e0 2.5192725e-2 2.5192725e-2
5.249648e0 2.0e0 6.9255638e-2 6.9255638e-2
5.599637e0 2.0e0 1.04920082e-1 1.04920082e-1
5.949628e0 2.0e0 1.2786501e-1 1.2786501e-1
6.299617e0 2.0e0 1.3530807e-1 1.3530807e-1
6.649608e0 2.0e0 1.26343907e-1 1.26343907e-1
6.999597e0 2.0e0 1.0205788e-1 1.0205788e-1
