-2.0e0 -2.0e0 1.0e0 1.0e0
-1.9e0 -2.0e0 9.9869e-1 9.9869e-1
-1.8e0 -2.0e0 9.9448e-1 9.9448e-1
-1.7e0 -2.0e0 9.8694e-1 9.8694e-1
-1.6e0 -2.0e0 9.7562e-1 9.7562e-1
-1.5e0 -2.0e0 9.6e-1 9.6e-1
-1.4e0 -2.0e0 9.3959e-1 9.3959e-1
-1.3e0 -2.0e0 9.1388e-1 9.1388e-1
-1.2e0 -2.0e0 8.8235e-1 8.8235e-1
-1.1e0 -2.0e0 8.4453e-1 8.4453e-1
-1.0e0 -2.0e0 7.9999e-1 7.9999e-1
-9.0e-1 -2.0e0 7.4844e-1 7.4844e-1
-8.0e-1 -2.0e0 6.8965e-1 6.8965e-1
-7.0e-1 -2.0e0 6.2361e-1 6.2361e-1
-6.0e-1 -2.0e0 5.5046e-1 5.5046e-1
-5.0e-1 -2.0e0 4.7058e-1 4.7058e-1
-4.0e-1 -2.0e0 3.8461e-1 3.8461e-1
-3.0e-1 -2.0e0 2.934e-1 2.934e-1
-2.0e-1 -2.0e0 1.98021e-1 1.98021e-1
-1.0e-1 -2.0e0 9.9751e-2 9.9751e-2
0.0e0 -2.0e0 0.0e0 0.0e0
1.0e-1 -2.0e0 -9.9751e-2 -9.9751e-2
2.0e-1 -2.0e0 -1.98021e-1 -1.98021e-1
3.0e-1 -2.0e0 -2.934e-1 -2.934e-1
4.0e-1 -2.0e0 -3.8461e-1 -3.8461e-1
5.0e-1 -2.0e0 -4.7058e-1 -4.7058e-1
6.0e-1 -2.0e0 -5.5046e-1 -5.5046e-1
7.0e-1 -2.0e0 -6.2361e-1 -6.2361e-1
8.0e-1 -2.0e0 -6.8965e-1 -6.8965e-1
9.0e-1 -2.0e0 -7.4844e-1 -7.4844e-1
1.0e0 -2.0e0 -7.9999e-1 -7.9999e-1
1.1e0 -2.0e0 -8.4453e-1 -8.4453e-1
1.2e0 -2.0e0 -8.8235e-1 -8.8235e-1
1.3e0 -2.0e0 -9.1388e-1 -9.1388e-1
1.4e0 -2.0e0 -9.3959e-1 -9.3959e-1
1.5e0 -2.0e0 -9.6e-1 -9.6e-1
1.6e0 -2.0e0 -9.7562e-1 -9.7562e-1
1.7e0 -2.0e0 -9.8694e-1 -9.8694e-1
1.8e0 -2.0e0 -9.9448e-1 -9.9448e-1
1.9e0 -2.0e0 -9.9869e-1 -9.9869e-1
2.0e0 -2.0e0 -1.0e0 -1.0e0

-2.0e0 -1.9e0 9.4875e-1 9.4875e-1
-1.9e0 -1.9e0 9.5e-1 9.5e-1
-1.8e0 -1.9e0 9.4861e-1 9.4861e-1
-1.7e0 -1.9e0 9.4415e-1 9.4415e-1
-1.6e0 -1.9e0 9.3614e-1 9.3614e-1
-1.5e0 -1.9e0 9.2406e-1 9.2406e-1
-1.4e0 -1.9e0 9.0736e-1 9.0736e-1
-1.3e0 -1.9e0 8.8547e-1 8.8547e-1
-1.2e0 -1.9e0 8.5782e-1 8.5782e-1
-1.1e0 -1.9e0 8.2385e-1 8.2385e-1
-1.0e0 -1.9e0 7.8308e-1 7.8308e-1
-9.0e-1 -1.9e0 7.3506e-1 7.3506e-1
-8.0e-1 -1.9e0 6.7953e-1 6.7953e-1
-7.0e-1 -1.9e0 6.1633e-1 6.1633e-1
-6.0e-1 -1.9e0 5.456e-1 5.456e-1
-5.0e-1 -1.9e0 4.6762e-1 4.6762e-1
-4.0e-1 -1.9e0 3.8303e-1 3.8303e-1
-3.0e-1 -1.9e0 2.927e-1 2.927e-1
-2.0e-1 -1.9e0 1.97809e-1 1.97809e-1
-1.0e-1 -1.9e0 9.9724e-2 9.9724e-2
0.0e0 -1.9e0 0.0e0 0.0e0
1.0e-1 -1.9e0 -9.9724e-2 -9.9724e-2
2.0e-1 -1.9e0 -1.97809e-1 -1.97809e-1
3.0e-1 -1.9e0 -2.927e-1 -2.927e-1
4.0e-1 -1.9e0 -3.8303e-1 -3.8303e-1
5.0e-1 -1.9e0 -4.6762e-1 -4.6762e-1
6.0e-1 -1.9e0 -5.456e-1 -5.456e-1
7.0e-1 -1.9e0 -6.1633e-1 -6.1633e-1
8.0e-1 -1.9e0 -6.7953e-1 -6.7953e-1
9.0e-1 -1.9e0 -7.3506e-1 -7.3506e-1
1.0e0 -1.9e0 -7.8308e-1 -7.8308e-1
1.1e0 -1.9e0 -8.2385e-1 -8.2385e-1
1.2e0 -1.9e0 -8.5782e-1 -8.5782e-1
1.3e0 -1.9e0 -8.8547e-1 -8.8547e-1
1.4e0 -1.9e0 -9.0736e-1 -9.0736e-1
1.5e0 -1.9e0 -9.2406e-1 -9.2406e-1
1.6e0 -1.9e0 -9.3614e-1 -9.3614e-1
1.7e0 -1.9e0 -9.4415e-1 -9.4415e-1
1.8e0 -1.9e0 -9.4861e-1 -9.4861e-1
1.9e0 -1.9e0 -9.5e-1 -9.5e-1
2.0e0 -1.9e0 -9.4875e-1 -9.4875e-1

-2.0e0 -1.8e0 8.9502e-1 8.9502e-1
-1.9e0 -1.8e0 8.9868e-1 8.9868e-1
-1.8e0 -1.8e0 9.0e-1 9.0e-1
-1.7e0 -1.8e0 8.9853e-1 8.9853e-1
-1.6e0 -1.8e0 8.9378e-1 8.9378e-1
-1.5e0 -1.8e0 8.8524e-1 8.8524e-1
-1.4e0 -1.8e0 8.723e-1 8.723e-1
-1.3e0 -1.8e0 8.5437e-1 8.5437e-1
-1.2e0 -1.8e0 8.3076e-1 8.3076e-1
-1.1e0 -1.8e0 8.009e-1 8.009e-1
-1.0e0 -1.8e0 7.6414e-1 7.6414e-1
-9.0e-1 -1.8e0 7.2e-1 7.2e-1
-8.0e-1 -1.8e0 6.6805e-1 6.6805e-1
-7.0e-1 -1.8e0 6.0805e-1 6.0805e-1
-6.0e-1 -1.8e0 5.4e-1 5.4e-1
-5.0e-1 -1.8e0 4.6419e-1 4.6419e-1
-4.0e-1 -1.8e0 3.8116e-1 3.8116e-1
-3.0e-1 -1.8e0 2.91891e-1 2.91891e-1
-2.0e-1 -1.8e0 1.97562e-1 1.97562e-1
-1.0e-1 -1.8e0 9.9692e-2 9.9692e-2
0.0e0 -1.8e0 0.0e0 0.0e0
1.0e-1 -1.8e0 -9.9692e-2 -9.9692e-2
2.0e-1 -1.8e0 -1.97562e-1 -1.97562e-1
3.0e-1 -1.8e0 -2.91891e-1 -2.91891e-1
4.0e-1 -1.8e0 -3.8116e-1 -3.8116e-1
5.0e-1 -1.8e0 -4.6419e-1 -4.6419e-1
6.0e-1 -1.8e0 -5.4e-1 -5.4e-1
7.0e-1 -1.8e0 -6.0805e-1 -6.0805e-1
8.0e-1 -1.8e0 -6.6805e-1 -6.6805e-1
9.0e-1 -1.8e0 -7.2e-1 -7.2e-1
1.0e0 -1.8e0 -7.6414e-1 -7.6414e-1
1.1e0 -1.8e0 -8.009e-1 -8.009e-1
1.2e0 -1.8e0 -8.3076e-1 -8.3076e-1
1.3e0 -1.8e0 -8.5437e-1 -8.5437e-1
1.4e0 -1.8e0 -8.723e-1 -8.723e-1
1.5e0 -1.8e0 -8.8524e-1 -8.8524e-1
1.6e0 -1.8e0 -8.9378e-1 -8.9378e-1
1.7e0 -1.8e0 -8.9853e-1 -8.9853e-1
1.8e0 -1.8e0 -9.0e-1 -9.0e-1
1.9e0 -1.8e0 -8.9868e-1 -8.9868e-1
2.0e0 -1.8e0 -8.9502e-1 -8.9502e-1

-2.0e0 -1.7e0 8.389e-1 8.389e-1
-1.9e0 -1.7e0 8.4476e-1 8.4476e-1
-1.8e0 -1.7e0 8.4862e-1 8.4862e-1
-1.7e0 -1.7e0 8.4999e-1 8.4999e-1
-1.6e0 -1.7e0 8.4843e-1 8.4843e-1
-1.5e0 -1.7e0 8.4338e-1 8.4338e-1
-1.4e0 -1.7e0 8.3423e-1 8.3423e-1
-1.3e0 -1.7e0 8.2031e-1 8.2031e-1
-1.2e0 -1.7e0 8.0092e-1 8.0092e-1
-1.1e0 -1.7e0 7.7536e-1 7.7536e-1
-1.0e0 -1.7e0 7.4294e-1 7.4294e-1
-9.0e-1 -1.7e0 7.0297e-1 7.0297e-1
-8.0e-1 -1.7e0 6.5495e-1 6.5495e-1
-7.0e-1 -1.7e0 5.9853e-1 5.9853e-1
-6.0e-1 -1.7e0 5.3354e-1 5.3354e-1
-5.0e-1 -1.7e0 4.6019e-1 4.6019e-1
-4.0e-1 -1.7e0 3.7901e-1 3.7901e-1
-3.0e-1 -1.7e0 2.9094e-1 2.9094e-1
-2.0e-1 -1.7e0 1.9727e-1 1.9727e-1
-1.0e-1 -1.7e0 9.9655e-2 9.9655e-2
0.0e0 -1.7e0 0.0e0 0.0e0
1.0e-1 -1.7e0 -9.9655e-2 -9.9655e-2
2.0e-1 -1.7e0 -1.9727e-1 -1.9727e-1
3.0e-1 -1.7e0 -2.9094e-1 -2.9094e-1
4.0e-1 -1.7e0 -3.7901e-1 -3.7901e-1
5.0e-1 -1.7e0 -4.6019e-1 -4.6019e-1
6.0e-1 -1.7e0 -5.3354e-1 -5.3354e-1
7.0e-1 -1.7e0 -5.9853e-1 -5.9853e-1
8.0e-1 -1.7e0 -6.5495e-1 -6.5495e-1
9.0e-1 -1.7e0 -7.0297e-1 -7.0297e-1
1.0e0 -1.7e0 -7.4294e-1 -7.4294e-1
1.1e0 -1.7e0 -7.7536e-1 -7.7536e-1
1.2e0 -1.7e0 -8.0092e-1 -8.0092e-1
1.3e0 -1.7e0 -8.2031e-1 -8.2031e-1
1.4e0 -1.7e0 -8.3423e-1 -8.3423e-1
1.5e0 -1.7e0 -8.4338e-1 -8.4338e-1
1.6e0 -1.7e0 -8.4843e-1 -8.4843e-1
1.7e0 -1.7e0 -8.4999e-1 -8.4999e-1
1.8e0 -1.7e0 -8.4862e-1 -8.4862e-1
1.9e0 -1.7e0 -8.4476e-1 -8.4476e-1
2.0e0 -1.7e0 -8.389e-1 -8.389e-1

-2.0e0 -1.6e0 7.8049e-1 7.8049e-1
-1.9e0 -1.6e0 7.8833e-1 7.8833e-1
-1.8e0 -1.6e0 7.9448e-1 7.9448e-1
-1.7e0 -1.6e0 7.9854e-1 7.9854e-1
-1.6e0 -1.6e0 8.0e-1 8.0e-1
-1.5e0 -1.6e0 7.9834e-1 7.9834e-1
-1.4e0 -1.6e0 7.9292e-1 7.9292e-1
-1.3e0 -1.6e0 7.8305e-1 7.8305e-1
-1.2e0 -1.6e0 7.6799e-1 7.6799e-1
-1.1e0 -1.6e0 7.4695e-1 7.4695e-1
-1.0e0 -1.6e0 7.191e-1 7.191e-1
-9.0e-1 -1.6e0 6.8369e-1 6.8369e-1
-8.0e-1 -1.6e0 6.4e-1 6.4e-1
-7.0e-1 -1.6e0 5.8754e-1 5.8754e-1
-6.0e-1 -1.6e0 5.2603e-1 5.2603e-1
-5.0e-1 -1.6e0 4.5552e-1 4.5552e-1
-4.0e-1 -1.6e0 3.7646e-1 3.7646e-1
-3.0e-1 -1.6e0 2.89812e-1 2.89812e-1
-2.0e-1 -1.6e0 1.96922e-1 1.96922e-1
-1.0e-1 -1.6e0 9.9611e-2 9.9611e-2
0.0e0 -1.6e0 0.0e0 0.0e0
1.0e-1 -1.6e0 -9.9611e-2 -9.9611e-2
2.0e-1 -1.6e0 -1.96922e-1 -1.96922e-1
3.0e-1 -1.6e0 -2.89812e-1 -2.89812e-1
4.0e-1 -1.6e0 -3.7646e-1 -3.7646e-1
5.0e-1 -1.6e0 -4.5552e-1 -4.5552e-1
6.0e-1 -1.6e0 -5.2603e-1 -5.2603e-1
7.0e-1 -1.6e0 -5.8754e-1 -5.8754e-1
8.0e-1 -1.6e0 -6.4e-1 -6.4e-1
9.0e-1 -1.6e0 -6.8369e-1 -6.8369e-1
1.0e0 -1.6e0 -7.191e-1 -7.191e-1
1.1e0 -1.6e0 -7.4695e-1 -7.4695e-1
1.2e0 -1.6e0 -7.6799e-1 -7.6799e-1
1.3e0 -1.6e0 -7.8305e-1 -7.8305e-1
1.4e0 -1.6e0 -7.9292e-1 -7.9292e-1
1.5e0 -1.6e0 -7.9834e-1 -7.9834e-1
1.6e0 -1.6e0 -8.0e-1 -8.0e-1
1.7e0 -1.6e0 -7.9854e-1 -7.9854e-1
1.8e0 -1.6e0 -7.9448e-1 -7.9448e-1
1.9e0 -1.6e0 -7.8833e-1 -7.8833e-1
2.0e0 -1.6e0 -7.8049e-1 -7.8049e-1

-2.0e0 -1.5e0 7.2e-1 7.2e-1
-1.9e0 -1.5e0 7.2952e-1 7.2952e-1
-1.8e0 -1.5e0 7.377e-1 7.377e-1
-1.7e0 -1.5e0 7.4416e-1 7.4416e-1
-1.6e0 -1.5e0 7.4844e-1 7.4844e-1
-1.5e0 -1.5e0 7.5e-1 7.5e-1
-1.4e0 -1.5e0 7.4821e-1 7.4821e-1
-1.3e0 -1.5e0 7.4239e-1 7.4239e-1
-1.2e0 -1.5e0 7.317e-1 7.317e-1
-1.1e0 -1.5e0 7.1532e-1 7.1532e-1
-1.0e0 -1.5e0 6.923e-1 6.923e-1
-9.0e-1 -1.5e0 6.6176e-1 6.6176e-1
-8.0e-1 -1.5e0 6.2283e-1 6.2283e-1
-7.0e-1 -1.5e0 5.7481e-1 5.7481e-1
-6.0e-1 -1.5e0 5.1724e-1 5.1724e-1
-5.0e-1 -1.5e0 4.5e-1 4.5e-1
-4.0e-1 -1.5e0 3.73444e-1 3.73444e-1
-3.0e-1 -1.5e0 2.88461e-1 2.88461e-1
-2.0e-1 -1.5e0 1.96506e-1 1.96506e-1
-1.0e-1 -1.5e0 9.9557e-2 9.9557e-2
0.0e0 -1.5e0 0.0e0 0.0e0
1.0e-1 -1.5e0 -9.9557e-2 -9.9557e-2
2.0e-1 -1.5e0 -1.96506e-1 -1.96506e-1
3.0e-1 -1.5e0 -2.88461e-1 -2.88461e-1
4.0e-1 -1.5e0 -3.73444e-1 -3.73444e-1
5.0e-1 -1.5e0 -4.5e-1 -4.5e-1
6.0e-1 -1.5e0 -5.1724e-1 -5.1724e-1
7.0e-1 -1.5e0 -5.7481e-1 -5.7481e-1
8.0e-1 -1.5e0 -6.2283e-1 -6.2283e-1
9.0e-1 -1.5e0 -6.6176e-1 -6.6176e-1
1.0e0 -1.5e0 -6.923e-1 -6.923e-1
1.1e0 -1.5e0 -7.1532e-1 -7.1532e-1
1.2e0 -1.5e0 -7.317e-1 -7.317e-1
1.3e0 -1.5e0 -7.4239e-1 -7.4239e-1
1.4e0 -1.5e0 -7.4821e-1 -7.4821e-1
1.5e0 -1.5e0 -7.5e-1 -7.5e-1
1.6e0 -1.5e0 -7.4844e-1 -7.4844e-1
1.7e0 -1.5e0 -7.4416e-1 -7.4416e-1
1.8e0 -1.5e0 -7.377e-1 -7.377e-1
1.9e0 -1.5e0 -7.2952e-1 -7.2952e-1
2.0e0 -1.5e0 -7.2e-1 -7.2e-1

-2.0e0 -1.4e0 6.5771e-1 6.5771e-1
-1.9e0 -1.4e0 6.6858e-1 6.6858e-1
-1.8e0 -1.4e0 6.7845e-1 6.7845e-1
-1.7e0 -1.4e0 6.8701e-1 6.8701e-1
-1.6e0 -1.4e0 6.938e-1 6.938e-1
-1.5e0 -1.4e0 6.9833e-1 6.9833e-1
-1.4e0 -1.4e0 7.0e-1 7.0e-1
-1.3e0 -1.4e0 6.9809e-1 6.9809e-1
-1.2e0 -1.4e0 6.9176e-1 6.9176e-1
-1.1e0 -1.4e0 6.8013e-1 6.8013e-1
-1.0e0 -1.4e0 6.6216e-1 6.6216e-1
-9.0e-1 -1.4e0 6.3683e-1 6.3683e-1
-8.0e-1 -1.4e0 6.0307e-1 6.0307e-1
-7.0e-1 -1.4e0 5.6e-1 5.6e-1
-6.0e-1 -1.4e0 5.069e-1 5.069e-1
-5.0e-1 -1.4e0 4.43439e-1 4.43439e-1
-4.0e-1 -1.4e0 3.6981e-1 3.6981e-1
-3.0e-1 -1.4e0 2.86829e-1 2.86829e-1
-2.0e-1 -1.4e0 1.95999e-1 1.95999e-1
-1.0e-1 -1.4e0 9.9492e-2 9.9492e-2
0.0e0 -1.4e0 0.0e0 0.0e0
1.0e-1 -1.4e0 -9.9492e-2 -9.9492e-2
2.0e-1 -1.4e0 -1.95999e-1 -1.95999e-1
3.0e-1 -1.4e0 -2.86829e-1 -2.86829e-1
4.0e-1 -1.4e0 -3.6981e-1 -3.6981e-1
5.0e-1 -1.4e0 -4.43439e-1 -4.43439e-1
6.0e-1 -1.4e0 -5.069e-1 -5.069e-1
7.0e-1 -1.4e0 -5.6e-1 -5.6e-1
8.0e-1 -1.4e0 -6.0307e-1 -6.0307e-1
9.0e-1 -1.4e0 -6.3683e-1 -6.3683e-1
1.0e0 -1.4e0 -6.6216e-1 -6.6216e-1
1.1e0 -1.4e0 -6.8013e-1 -6.8013e-1
1.2e0 -1.4e0 -6.9176e-1 -6.9176e-1
1.3e0 -1.4e0 -6.9809e-1 -6.9809e-1
1.4e0 -1.4e0 -7.0e-1 -7.0e-1
1.5e0 -1.4e0 -6.9833e-1 -6.9833e-1
1.6e0 -1.4e0 -6.938e-1 -6.938e-1
1.7e0 -1.4e0 -6.8701e-1 -6.8701e-1
1.8e0 -1.4e0 -6.7845e-1 -6.7845e-1
1.9e0 -1.4e0 -6.6858e-1 -6.6858e-1
2.0e0 -1.4e0 -6.5771e-1 -6.5771e-1

-2.0e0 -1.3e0 5.9402e-1 5.9402e-1
-1.9e0 -1.3e0 6.0583e-1 6.0583e-1
-1.8e0 -1.3e0 6.1705e-1 6.1705e-1
-1.7e0 -1.3e0 6.2729e-1 6.2729e-1
-1.6e0 -1.3e0 6.3623e-1 6.3623e-1
-1.5e0 -1.3e0 6.434e-1 6.434e-1
-1.4e0 -1.3e0 6.4822e-1 6.4822e-1
-1.3e0 -1.3e0 6.5e-1 6.5e-1
-1.2e0 -1.3e0 6.4792e-1 6.4792e-1
-1.1e0 -1.3e0 6.4102e-1 6.4102e-1
-1.0e0 -1.3e0 6.2825e-1 6.2825e-1
-9.0e-1 -1.3e0 6.084e-1 6.084e-1
-8.0e-1 -1.3e0 5.8026e-1 5.8026e-1
-7.0e-1 -1.3e0 5.4266e-1 5.4266e-1
-6.0e-1 -1.3e0 4.9463e-1 4.9463e-1
-5.0e-1 -1.3e0 4.35567e-1 4.35567e-1
-4.0e-1 -1.3e0 3.65405e-1 3.65405e-1
-3.0e-1 -1.3e0 2.84831e-1 2.84831e-1
-2.0e-1 -1.3e0 1.95377e-1 1.95377e-1
-1.0e-1 -1.3e0 9.9411e-2 9.9411e-2
0.0e0 -1.3e0 0.0e0 0.0e0
1.0e-1 -1.3e0 -9.9411e-2 -9.9411e-2
2.0e-1 -1.3e0 -1.95377e-1 -1.95377e-1
3.0e-1 -1.3e0 -2.84831e-1 -2.84831e-1
4.0e-1 -1.3e0 -3.65405e-1 -3.65405e-1
5.0e-1 -1.3e0 -4.35567e-1 -4.35567e-1
6.0e-1 -1.3e0 -4.9463e-1 -4.9463e-1
7.0e-1 -1.3e0 -5.4266e-1 -5.4266e-1
8.0e-1 -1.3e0 -5.8026e-1 -5.8026e-1
9.0e-1 -1.3e0 -6.084e-1 -6.084e-1
1.0e0 -1.3e0 -6.2825e-1 -6.2825e-1
1.1e0 -1.3e0 -6.4102e-1 -6.4102e-1
1.2e0 -1.3e0 -6.4792e-1 -6.4792e-1
1.3e0 -1.3e0 -6.5e-1 -6.5e-1
1.4e0 -1.3e0 -6.4822e-1 -6.4822e-1
1.5e0 -1.3e0 -6.434e-1 -6.434e-1
1.6e0 -1.3e0 -6.3623e-1 -6.3623e-1
1.7e0 -1.3e0 -6.2729e-1 -6.2729e-1
1.8e0 -1.3e0 -6.1705e-1 -6.1705e-1
1.9e0 -1.3e0 -6.0583e-1 -6.0583e-1
2.0e0 -1.3e0 -5.9402e-1 -5.9402e-1

-2.0e0 -1.2e0 5.294e-1 5.294e-1
-1.9e0 -1.2e0 5.4178e-1 5.4178e-1
-1.8e0 -1.2e0 5.5385e-1 5.5385e-1
-1.7e0 -1.2e0 5.6535e-1 5.6535e-1
-1.6e0 -1.2e0 5.7599e-1 5.7599e-1
-1.5e0 -1.2e0 5.8537e-1 5.8537e-1
-1.4e0 -1.2e0 5.9293e-1 5.9293e-1
-1.3e0 -1.2e0 5.9808e-1 5.9808e-1
-1.2e0 -1.2e0 6.0e-1 6.0e-1
-1.1e0 -1.2e0 5.9773e-1 5.9773e-1
-1.0e0 -1.2e0 5.9016e-1 5.9016e-1
-9.0e-1 -1.2e0 5.7599e-1 5.7599e-1
-8.0e-1 -1.2e0 5.5383e-1 5.5383e-1
-7.0e-1 -1.2e0 5.2228e-1 5.2228e-1
-6.0e-1 -1.2e0 4.79999e-1 4.79999e-1
-5.0e-1 -1.2e0 4.26035e-1 4.26035e-1
-4.0e-1 -1.2e0 3.59999e-1 3.59999e-1
-3.0e-1 -1.2e0 2.82353e-1 2.82353e-1
-2.0e-1 -1.2e0 1.94594e-1 1.94594e-1
-1.0e-1 -1.2e0 9.931e-2 9.931e-2
0.0e0 -1.2e0 0.0e0 0.0e0
1.0e-1 -1.2e0 -9.931e-2 -9.931e-2
2.0e-1 -1.2e0 -1.94594e-1 -1.94594e-1
3.0e-1 -1.2e0 -2.82353e-1 -2.82353e-1
4.0e-1 -1.2e0 -3.59999e-1 -3.59999e-1
5.0e-1 -1.2e0 -4.26035e-1 -4.26035e-1
6.0e-1 -1.2e0 -4.79999e-1 -4.79999e-1
7.0e-1 -1.2e0 -5.2228e-1 -5.2228e-1
8.0e-1 -1.2e0 -5.5383e-1 -5.5383e-1
9.0e-1 -1.2e0 -5.7599e-1 -5.7599e-1
1.0e0 -1.2e0 -5.9016e-1 -5.9016e-1
1.1e0 -1.2e0 -5.9773e-1 -5.9773e-1
1.2e0 -1.2e0 -6.0e-1 -6.0e-1
1.3e0 -1.2e0 -5.9808e-1 -5.9808e-1
1.4e0 -1.2e0 -5.9293e-1 -5.9293e-1
1.5e0 -1.2e0 -5.8537e-1 -5.8537e-1
1.6e0 -1.2e0 -5.7599e-1 -5.7599e-1
1.7e0 -1.2e0 -5.6535e-1 -5.6535e-1
1.8e0 -1.2e0 -5.5385e-1 -5.5385e-1
1.9e0 -1.2e0 -5.4178e-1 -5.4178e-1
2.0e0 -1.2e0 -5.294e-1 -5.294e-1

-2.0e0 -1.1e0 4.645e-1 4.645e-1
-1.9e0 -1.1e0 4.7697e-1 4.7697e-1
-1.8e0 -1.1e0 4.8944e-1 4.8944e-1
-1.7e0 -1.1e0 5.017e-1 5.017e-1
-1.6e0 -1.1e0 5.1353e-1 5.1353e-1
-1.5e0 -1.1e0 5.2457e-1 5.2457e-1
-1.4e0 -1.1e0 5.3438e-1 5.3438e-1
-1.3e0 -1.1e0 5.424e-1 5.424e-1
-1.2e0 -1.1e0 5.4793e-1 5.4793e-1
-1.1e0 -1.1e0 5.5e-1 5.5e-1
-1.0e0 -1.1e0 5.4752e-1 5.4752e-1
-9.0e-1 -1.1e0 5.391e-1 5.391e-1
-8.0e-1 -1.1e0 5.23244e-1 5.23244e-1
-7.0e-1 -1.1e0 4.98235e-1 4.98235e-1
-6.0e-1 -1.1e0 4.6242e-1 4.6242e-1
-5.0e-1 -1.1e0 4.14383e-1 4.14383e-1
-4.0e-1 -1.1e0 3.53284e-1 3.53284e-1
-3.0e-1 -1.1e0 2.7923e-1 2.7923e-1
-2.0e-1 -1.1e0 1.936e-1 1.936e-1
-1.0e-1 -1.1e0 9.918e-2 9.918e-2
0.0e0 -1.1e0 0.0e0 0.0e0
1.0e-1 -1.1e0 -9.918e-2 -9.918e-2
2.0e-1 -1.1e0 -1.936e-1 -1.936e-1
3.0e-1 -1.1e0 -2.7923e-1 -2.7923e-1
4.0e-1 -1.1e0 -3.53284e-1 -3.53284e-1
5.0e-1 -1.1e0 -4.14383e-1 -4.14383e-1
6.0e-1 -1.1e0 -4.6242e-1 -4.6242e-1
7.0e-1 -1.1e0 -4.98235e-1 -4.98235e-1
8.0e-1 -1.1e0 -5.23244e-1 -5.23244e-1
9.0e-1 -1.1e0 -5.391e-1 -5.391e-1
1.0e0 -1.1e0 -5.4752e-1 -5.4752e-1
1.1e0 -1.1e0 -5.5e-1 -5.5e-1
1.2e0 -1.1e0 -5.4793e-1 -5.4793e-1
1.3e0 -1.1e0 -5.424e-1 -5.424e-1
1.4e0 -1.1e0 -5.3438e-1 -5.3438e-1
1.5e0 -1.1e0 -5.2457e-1 -5.2457e-1
1.6e0 -1.1e0 -5.1353e-1 -5.1353e-1
1.7e0 -1.1e0 -5.017e-1 -5.017e-1
1.8e0 -1.1e0 -4.8944e-1 -4.8944e-1
1.9e0 -1.1e0 -4.7697e-1 -4.7697e-1
2.0e0 -1.1e0 -4.645e-1 -4.645e-1

-2.0e0 -1.0e0 4.0e-1 4.0e-1
-1.9e0 -1.0e0 4.1216e-1 4.1216e-1
-1.8e0 -1.0e0 4.2453e-1 4.2453e-1
-1.7e0 -1.0e0 4.3703e-1 4.3703e-1
-1.6e0 -1.0e0 4.4945e-1 4.4945e-1
-1.5e0 -1.0e0 4.6155e-1 4.6155e-1
-1.4e0 -1.0e0 4.7298e-1 4.7298e-1
-1.3e0 -1.0e0 4.8328e-1 4.8328e-1
-1.2e0 -1.0e0 4.918e-1 4.918e-1
-1.1e0 -1.0e0 4.9774e-1 4.9774e-1
-1.0e0 -1.0e0 5.0e-1 5.0e-1
-9.0e-1 -1.0e0 4.97237e-1 4.97237e-1
-8.0e-1 -1.0e0 4.87804e-1 4.87804e-1
-7.0e-1 -1.0e0 4.69798e-1 4.69798e-1
-6.0e-1 -1.0e0 4.41176e-1 4.41176e-1
-5.0e-1 -1.0e0 4.0e-1 4.0e-1
-4.0e-1 -1.0e0 3.44827e-1 3.44827e-1
-3.0e-1 -1.0e0 2.7523e-1 2.7523e-1
-2.0e-1 -1.0e0 1.92307e-1 1.92307e-1
-1.0e-1 -1.0e0 9.901e-2 9.901e-2
0.0e0 -1.0e0 0.0e0 0.0e0
1.0e-1 -1.0e0 -9.901e-2 -9.901e-2
2.0e-1 -1.0e0 -1.92307e-1 -1.92307e-1
3.0e-1 -1.0e0 -2.7523e-1 -2.7523e-1
4.0e-1 -1.0e0 -3.44827e-1 -3.44827e-1
5.0e-1 -1.0e0 -4.0e-1 -4.0e-1
6.0e-1 -1.0e0 -4.41176e-1 -4.41176e-1
7.0e-1 -1.0e0 -4.69798e-1 -4.69798e-1
8.0e-1 -1.0e0 -4.87804e-1 -4.87804e-1
9.0e-1 -1.0e0 -4.97237e-1 -4.97237e-1
1.0e0 -1.0e0 -5.0e-1 -5.0e-1
1.1e0 -1.0e0 -4.9774e-1 -4.9774e-1
1.2e0 -1.0e0 -4.918e-1 -4.918e-1
1.3e0 -1.0e0 -4.8328e-1 -4.8328e-1
1.4e0 -1.0e0 -4.7298e-1 -4.7298e-1
1.5e0 -1.0e0 -4.6155e-1 -4.6155e-1
1.6e0 -1.0e0 -4.4945e-1 -4.4945e-1
1.7e0 -1.0e0 -4.3703e-1 -4.3703e-1
1.8e0 -1.0e0 -4.2453e-1 -4.2453e-1
1.9e0 -1.0e0 -4.1216e-1 -4.1216e-1
2.0e0 -1.0e0 -4.0e-1 -4.0e-1

-2.0e0 -9.0e-1 3.368e-1 3.368e-1
-1.9e0 -9.0e-1 3.4819e-1 3.4819e-1
-1.8e0 -9.0e-1 3.6e-1 3.6e-1
-1.7e0 -9.0e-1 3.7216e-1 3.7216e-1
-1.6e0 -9.0e-1 3.8457e-1 3.8457e-1
-1.5e0 -9.0e-1 3.9706e-1 3.9706e-1
-1.4e0 -9.0e-1 4.094e-1 4.094e-1
-1.3e0 -9.0e-1 4.2119e-1 4.2119e-1
-1.2e0 -9.0e-1 4.32e-1 4.32e-1
-1.1e0 -9.0e-1 4.41089e-1 4.41089e-1
-1.0e0 -9.0e-1 4.47513e-1 4.47513e-1
-9.0e-1 -9.0e-1 4.5e-1 4.5e-1
-8.0e-1 -9.0e-1 4.46896e-1 4.46896e-1
-7.0e-1 -9.0e-1 4.36153e-1 4.36153e-1
-6.0e-1 -9.0e-1 4.15384e-1 4.15384e-1
-5.0e-1 -9.0e-1 3.82076e-1 3.82076e-1
-4.0e-1 -9.0e-1 3.3401e-1 3.3401e-1
-3.0e-1 -9.0e-1 2.6999e-1 2.6999e-1
-2.0e-1 -9.0e-1 1.9058e-1 1.9058e-1
-1.0e-1 -9.0e-1 9.878e-2 9.878e-2
0.0e0 -9.0e-1 0.0e0 0.0e0
1.0e-1 -9.0e-1 -9.878e-2 -9.878e-2
2.0e-1 -9.0e-1 -1.9058e-1 -1.9058e-1
3.0e-1 -9.0e-1 -2.6999e-1 -2.6999e-1
4.0e-1 -9.0e-1 -3.3401e-1 -3.3401e-1
5.0e-1 -9.0e-1 -3.82076e-1 -3.82076e-1
6.0e-1 -9.0e-1 -4.15384e-1 -4.15384e-1
7.0e-1 -9.0e-1 -4.36153e-1 -4.36153e-1
8.0e-1 -9.0e-1 -4.46896e-1 -4.46896e-1
9.0e-1 -9.0e-1 -4.5e-1 -4.5e-1
1.0e0 -9.0e-1 -4.47513e-1 -4.47513e-1
1.1e0 -9.0e-1 -4.41089e-1 -4.41089e-1
1.2e0 -9.0e-1 -4.32e-1 -4.32e-1
1.3e0 -9.0e-1 -4.2119e-1 -4.2119e-1
1.4e0 -9.0e-1 -4.094e-1 -4.094e-1
1.5e0 -9.0e-1 -3.9706e-1 -3.9706e-1
1.6e0 -9.0e-1 -3.8457e-1 -3.8457e-1
1.7e0 -9.0e-1 -3.7216e-1 -3.7216e-1
1.8e0 -9.0e-1 -3.6e-1 -3.6e-1
1.9e0 -9.0e-1 -3.4819e-1 -3.4819e-1
2.0e0 -9.0e-1 -3.368e-1 -3.368e-1

-2.0e0 -8.0e-1 2.7586e-1 2.7586e-1
-1.9e0 -8.0e-1 2.8612e-1 2.8612e-1
-1.8e0 -8.0e-1 2.969e-1 2.969e-1
-1.7e0 -8.0e-1 3.0821e-1 3.0821e-1
-1.6e0 -8.0e-1 3.1999e-1 3.1999e-1
-1.5e0 -8.0e-1 3.32181e-1 3.32181e-1
-1.4e0 -8.0e-1 3.44615e-1 3.44615e-1
-1.3e0 -8.0e-1 3.57082e-1 3.57082e-1
-1.2e0 -8.0e-1 3.6923e-1 3.6923e-1
-1.1e0 -8.0e-1 3.8054e-1 3.8054e-1
-1.0e0 -8.0e-1 3.90244e-1 3.90244e-1
-9.0e-1 -8.0e-1 3.97241e-1 3.97241e-1
-8.0e-1 -8.0e-1 4.0e-1 4.0e-1
-7.0e-1 -8.0e-1 3.96458e-1 3.96458e-1
-6.0e-1 -8.0e-1 3.84e-1 3.84e-1
-5.0e-1 -8.0e-1 3.5954e-1 3.5954e-1
-4.0e-1 -8.0e-1 3.1999e-1 3.1999e-1
-3.0e-1 -8.0e-1 2.63e-1 2.63e-1
-2.0e-1 -8.0e-1 1.8823e-1 1.8823e-1
-1.0e-1 -8.0e-1 9.846e-2 9.846e-2
0.0e0 -8.0e-1 0.0e0 0.0e0
1.0e-1 -8.0e-1 -9.846e-2 -9.846e-2
2.0e-1 -8.0e-1 -1.8823e-1 -1.8823e-1
3.0e-1 -8.0e-1 -2.63e-1 -2.63e-1
4.0e-1 -8.0e-1 -3.1999e-1 -3.1999e-1
5.0e-1 -8.0e-1 -3.5954e-1 -3.5954e-1
6.0e-1 -8.0e-1 -3.84e-1 -3.84e-1
7.0e-1 -8.0e-1 -3.96458e-1 -3.96458e-1
8.0e-1 -8.0e-1 -4.0e-1 -4.0e-1
9.0e-1 -8.0e-1 -3.97241e-1 -3.97241e-1
1.0e0 -8.0e-1 -3.90244e-1 -3.90244e-1
1.1e0 -8.0e-1 -3.8054e-1 -3.8054e-1
1.2e0 -8.0e-1 -3.6923e-1 -3.6923e-1
1.3e0 -8.0e-1 -3.57082e-1 -3.57082e-1
1.4e0 -8.0e-1 -3.44615e-1 -3.44615e-1
1.5e0 -8.0e-1 -3.32181e-1 -3.32181e-1
1.6e0 -8.0e-1 -3.1999e-1 -3.1999e-1
1.7e0 -8.0e-1 -3.0821e-1 -3.0821e-1
1.8e0 -8.0e-1 -2.969e-1 -2.969e-1
1.9e0 -8.0e-1 -2.8612e-1 -2.8612e-1
2.0e0 -8.0e-1 -2.7586e-1 -2.7586e-1

-2.0e0 -7.0e-1 2.18263e-1 2.18263e-1
-1.9e0 -7.0e-1 2.27072e-1 2.27072e-1
-1.8e0 -7.0e-1 2.36461e-1 2.36461e-1
-1.7e0 -7.0e-1 2.4645e-1 2.4645e-1
-1.6e0 -7.0e-1 2.5705e-1 2.5705e-1
-1.5e0 -7.0e-1 2.68248e-1 2.68248e-1
-1.4e0 -7.0e-1 2.8e-1 2.8e-1
-1.3e0 -7.0e-1 2.92203e-1 2.92203e-1
-1.2e0 -7.0e-1 3.04663e-1 3.04663e-1
-1.1e0 -7.0e-1 3.17058e-1 3.17058e-1
-1.0e0 -7.0e-1 3.28859e-1 3.28859e-1
-9.0e-1 -7.0e-1 3.3923e-1 3.3923e-1
-8.0e-1 -7.0e-1 3.46901e-1 3.46901e-1
-7.0e-1 -7.0e-1 3.4999e-1 3.4999e-1
-6.0e-1 -7.0e-1 3.4587e-1 3.4587e-1
-5.0e-1 -7.0e-1 3.3107e-1 3.3107e-1
-4.0e-1 -7.0e-1 3.0153e-1 3.0153e-1
-3.0e-1 -7.0e-1 2.5343e-1 2.5343e-1
-2.0e-1 -7.0e-1 1.84904e-1 1.84904e-1
-1.0e-1 -7.0e-1 9.8e-2 9.8e-2
0.0e0 -7.0e-1 0.0e0 0.0e0
1.0e-1 -7.0e-1 -9.8e-2 -9.8e-2
2.0e-1 -7.0e-1 -1.84904e-1 -1.84904e-1
3.0e-1 -7.0e-1 -2.5343e-1 -2.5343e-1
4.0e-1 -7.0e-1 -3.0153e-1 -3.0153e-1
5.0e-1 -7.0e-1 -3.3107e-1 -3.3107e-1
6.0e-1 -7.0e-1 -3.4587e-1 -3.4587e-1
7.0e-1 -7.0e-1 -3.4999e-1 -3.4999e-1
8.0e-1 -7.0e-1 -3.46901e-1 -3.46901e-1
9.0e-1 -7.0e-1 -3.3923e-1 -3.3923e-1
1.0e0 -7.0e-1 -3.28859e-1 -3.28859e-1
1.1e0 -7.0e-1 -3.17058e-1 -3.17058e-1
1.2e0 -7.0e-1 -3.04663e-1 -3.04663e-1
1.3e0 -7.0e-1 -2.92203e-1 -2.92203e-1
1.4e0 -7.0e-1 -2.8e-1 -2.8e-1
1.5e0 -7.0e-1 -2.68248e-1 -2.68248e-1
1.6e0 -7.0e-1 -2.5705e-1 -2.5705e-1
1.7e0 -7.0e-1 -2.4645e-1 -2.4645e-1
1.8e0 -7.0e-1 -2.36461e-1 -2.36461e-1
1.9e0 -7.0e-1 -2.27072e-1 -2.27072e-1
2.0e0 -7.0e-1 -2.18263e-1 -2.18263e-1

-2.0e0 -6.0e-1 1.65137e-1 1.65137e-1
-1.9e0 -6.0e-1 1.72292e-1 1.72292e-1
-1.8e0 -6.0e-1 1.79999e-1 1.79999e-1
-1.7e0 -6.0e-1 1.88307e-1 1.88307e-1
-1.6e0 -6.0e-1 1.9726e-1 1.9726e-1
-1.5e0 -6.0e-1 2.06897e-1 2.06897e-1
-1.4e0 -6.0e-1 2.17241e-1 2.17241e-1
-1.3e0 -6.0e-1 2.28293e-1 2.28293e-1
-1.2e0 -6.0e-1 2.4e-1 2.4e-1
-1.1e0 -6.0e-1 2.5223e-1 2.5223e-1
-1.0e0 -6.0e-1 2.64705e-1 2.64705e-1
-9.0e-1 -6.0e-1 2.76923e-1 2.76923e-1
-8.0e-1 -6.0e-1 2.87999e-1 2.87999e-1
-7.0e-1 -6.0e-1 2.9646e-1 2.9646e-1
-6.0e-1 -6.0e-1 2.9999e-1 2.9999e-1
-5.0e-1 -6.0e-1 2.9507e-1 2.9507e-1
-4.0e-1 -6.0e-1 2.7692e-1 2.7692e-1
-3.0e-1 -6.0e-1 2.3999e-1 2.3999e-1
-2.0e-1 -6.0e-1 1.79999e-1 1.79999e-1
-1.0e-1 -6.0e-1 9.7296e-2 9.7296e-2
0.0e0 -6.0e-1 0.0e0 0.0e0
1.0e-1 -6.0e-1 -9.7296e-2 -9.7296e-2
2.0e-1 -6.0e-1 -1.79999e-1 -1.79999e-1
3.0e-1 -6.0e-1 -2.3999e-1 -2.3999e-1
4.0e-1 -6.0e-1 -2.7692e-1 -2.7692e-1
5.0e-1 -6.0e-1 -2.9507e-1 -2.9507e-1
6.0e-1 -6.0e-1 -2.9999e-1 -2.9999e-1
7.0e-1 -6.0e-1 -2.9646e-1 -2.9646e-1
8.0e-1 -6.0e-1 -2.87999e-1 -2.87999e-1
9.0e-1 -6.0e-1 -2.76923e-1 -2.76923e-1
1.0e0 -6.0e-1 -2.64705e-1 -2.64705e-1
1.1e0 -6.0e-1 -2.5223e-1 -2.5223e-1
1.2e0 -6.0e-1 -2.4e-1 -2.4e-1
1.3e0 -6.0e-1 -2.28293e-1 -2.28293e-1
1.4e0 -6.0e-1 -2.17241e-1 -2.17241e-1
1.5e0 -6.0e-1 -2.06897e-1 -2.06897e-1
1.6e0 -6.0e-1 -1.9726e-1 -1.9726e-1
1.7e0 -6.0e-1 -1.88307e-1 -1.88307e-1
1.8e0 -6.0e-1 -1.79999e-1 -1.79999e-1
1.9e0 -6.0e-1 -1.72292e-1 -1.72292e-1
2.0e0 -6.0e-1 -1.65137e-1 -1.65137e-1

-2.0e0 -5.0e-1 1.17647e-1 1.17647e-1
-1.9e0 -5.0e-1 1.23058e-1 1.23058e-1
-1.8e0 -5.0e-1 1.2894e-1 1.2894e-1
-1.7e0 -5.0e-1 1.3535e-1 1.3535e-1
-1.6e0 -5.0e-1 1.4235e-1 1.4235e-1
-1.5e0 -5.0e-1 1.5e-1 1.5e-1
-1.4e0 -5.0e-1 1.58371e-1 1.58371e-1
-1.3e0 -5.0e-1 1.67525e-1 1.67525e-1
-1.2e0 -5.0e-1 1.77515e-1 1.77515e-1
-1.1e0 -5.0e-1 1.88354e-1 1.88354e-1
-1.0e0 -5.0e-1 2.0e-1 2.0e-1
-9.0e-1 -5.0e-1 2.12263e-1 2.12263e-1
-8.0e-1 -5.0e-1 2.2472e-1 2.2472e-1
-7.0e-1 -5.0e-1 2.3648e-1 2.3648e-1
-6.0e-1 -5.0e-1 2.459e-1 2.459e-1
-5.0e-1 -5.0e-1 2.5e-1 2.5e-1
-4.0e-1 -5.0e-1 2.439e-1 2.439e-1
-3.0e-1 -5.0e-1 2.20587e-1 2.20587e-1
-2.0e-1 -5.0e-1 1.72414e-1 1.72414e-1
-1.0e-1 -5.0e-1 9.6153e-2 9.6153e-2
0.0e0 -5.0e-1 0.0e0 0.0e0
1.0e-1 -5.0e-1 -9.6153e-2 -9.6153e-2
2.0e-1 -5.0e-1 -1.72414e-1 -1.72414e-1
3.0e-1 -5.0e-1 -2.20587e-1 -2.20587e-1
4.0e-1 -5.0e-1 -2.439e-1 -2.439e-1
5.0e-1 -5.0e-1 -2.5e-1 -2.5e-1
6.0e-1 -5.0e-1 -2.459e-1 -2.459e-1
7.0e-1 -5.0e-1 -2.3648e-1 -2.3648e-1
8.0e-1 -5.0e-1 -2.2472e-1 -2.2472e-1
9.0e-1 -5.0e-1 -2.12263e-1 -2.12263e-1
1.0e0 -5.0e-1 -2.0e-1 -2.0e-1
1.1e0 -5.0e-1 -1.88354e-1 -1.88354e-1
1.2e0 -5.0e-1 -1.77515e-1 -1.77515e-1
1.3e0 -5.0e-1 -1.67525e-1 -1.67525e-1
1.4e0 -5.0e-1 -1.58371e-1 -1.58371e-1
1.5e0 -5.0e-1 -1.5e-1 -1.5e-1
1.6e0 -5.0e-1 -1.4235e-1 -1.4235e-1
1.7e0 -5.0e-1 -1.3535e-1 -1.3535e-1
1.8e0 -5.0e-1 -1.2894e-1 -1.2894e-1
1.9e0 -5.0e-1 -1.23058e-1 -1.23058e-1
2.0e0 -5.0e-1 -1.17647e-1 -1.17647e-1

-2.0e0 -4.0e-1 7.6923e-2 7.6923e-2
-1.9e0 -4.0e-1 8.0637e-2 8.0637e-2
-1.8e0 -4.0e-1 8.4705e-2 8.4705e-2
-1.7e0 -4.0e-1 8.918e-2 8.918e-2
-1.6e0 -4.0e-1 9.4118e-2 9.4118e-2
-1.5e0 -4.0e-1 9.9585e-2 9.9585e-2
-1.4e0 -4.0e-1 1.0566e-1 1.0566e-1
-1.3e0 -4.0e-1 1.12431e-1 1.12431e-1
-1.2e0 -4.0e-1 1.2e-1 1.2e-1
-1.1e0 -4.0e-1 1.28467e-1 1.28467e-1
-1.0e0 -4.0e-1 1.3793e-1 1.3793e-1
-9.0e-1 -4.0e-1 1.4845e-1 1.4845e-1
-8.0e-1 -4.0e-1 1.5999e-1 1.5999e-1
-7.0e-1 -4.0e-1 1.723e-1 1.723e-1
-6.0e-1 -4.0e-1 1.84615e-1 1.84615e-1
-5.0e-1 -4.0e-1 1.95122e-1 1.95122e-1
-4.0e-1 -4.0e-1 2.0e-1 2.0e-1
-3.0e-1 -4.0e-1 1.92e-1 1.92e-1
-2.0e-1 -4.0e-1 1.59999e-1 1.59999e-1
-1.0e-1 -4.0e-1 9.4116e-2 9.4116e-2
0.0e0 -4.0e-1 0.0e0 0.0e0
1.0e-1 -4.0e-1 -9.4116e-2 -9.4116e-2
2.0e-1 -4.0e-1 -1.59999e-1 -1.59999e-1
3.0e-1 -4.0e-1 -1.92e-1 -1.92e-1
4.0e-1 -4.0e-1 -2.0e-1 -2.0e-1
5.0e-1 -4.0e-1 -1.95122e-1 -1.95122e-1
6.0e-1 -4.0e-1 -1.84615e-1 -1.84615e-1
7.0e-1 -4.0e-1 -1.723e-1 -1.723e-1
8.0e-1 -4.0e-1 -1.5999e-1 -1.5999e-1
9.0e-1 -4.0e-1 -1.4845e-1 -1.4845e-1
1.0e0 -4.0e-1 -1.3793e-1 -1.3793e-1
1.1e0 -4.0e-1 -1.28467e-1 -1.28467e-1
1.2e0 -4.0e-1 -1.2e-1 -1.2e-1
1.3e0 -4.0e-1 -1.12431e-1 -1.12431e-1
1.4e0 -4.0e-1 -1.0566e-1 -1.0566e-1
1.5e0 -4.0e-1 -9.9585e-2 -9.9585e-2
1.6e0 -4.0e-1 -9.4118e-2 -9.4118e-2
1.7e0 -4.0e-1 -8.918e-2 -8.918e-2
1.8e0 -4.0e-1 -8.4705e-2 -8.4705e-2
1.9e0 -4.0e-1 -8.0637e-2 -8.0637e-2
2.0e0 -4.0e-1 -7.6923e-2 -7.6923e-2

-2.0e0 -3.0e-1 4.401e-2 4.401e-2
-1.9e0 -3.0e-1 4.6216e-2 4.6216e-2
-1.8e0 -3.0e-1 4.865e-2 4.865e-2
-1.7e0 -3.0e-1 5.1343e-2 5.1343e-2
-1.6e0 -3.0e-1 5.434e-2 5.434e-2
-1.5e0 -3.0e-1 5.7692e-2 5.7692e-2
-1.4e0 -3.0e-1 6.1462e-2 6.1462e-2
-1.3e0 -3.0e-1 6.573e-2 6.573e-2
-1.2e0 -3.0e-1 7.0589e-2 7.0589e-2
-1.1e0 -3.0e-1 7.61537e-2 7.61537e-2
-1.0e0 -3.0e-1 8.2569e-2 8.2569e-2
-9.0e-1 -3.0e-1 9.0e-2 9.0e-2
-8.0e-1 -3.0e-1 9.863e-2 9.863e-2
-7.0e-1 -3.0e-1 1.0862e-1 1.0862e-1
-6.0e-1 -3.0e-1 1.2e-1 1.2e-1
-5.0e-1 -3.0e-1 1.32352e-1 1.32352e-1
-4.0e-1 -3.0e-1 1.43999e-1 1.43999e-1
-3.0e-1 -3.0e-1 1.5e-1 1.5e-1
-2.0e-1 -3.0e-1 1.38461e-1 1.38461e-1
-1.0e-1 -3.0e-1 9.0e-2 9.0e-2
0.0e0 -3.0e-1 0.0e0 0.0e0
1.0e-1 -3.0e-1 -9.0e-2 -9.0e-2
2.0e-1 -3.0e-1 -1.38461e-1 -1.38461e-1
3.0e-1 -3.0e-1 -1.5e-1 -1.5e-1
4.0e-1 -3.0e-1 -1.43999e-1 -1.43999e-1
5.0e-1 -3.0e-1 -1.32352e-1 -1.32352e-1
6.0e-1 -3.0e-1 -1.2e-1 -1.2e-1
7.0e-1 -3.0e-1 -1.0862e-1 -1.0862e-1
8.0e-1 -3.0e-1 -9.863e-2 -9.863e-2
9.0e-1 -3.0e-1 -9.0e-2 -9.0e-2
1.0e0 -3.0e-1 -8.2569e-2 -8.2569e-2
1.1e0 -3.0e-1 -7.61537e-2 -7.61537e-2
1.2e0 -3.0e-1 -7.0589e-2 -7.0589e-2
1.3e0 -3.0e-1 -6.573e-2 -6.573e-2
1.4e0 -3.0e-1 -6.1462e-2 -6.1462e-2
1.5e0 -3.0e-1 -5.7692e-2 -5.7692e-2
1.6e0 -3.0e-1 -5.434e-2 -5.434e-2
1.7e0 -3.0e-1 -5.1343e-2 -5.1343e-2
1.8e0 -3.0e-1 -4.865e-2 -4.865e-2
1.9e0 -3.0e-1 -4.6216e-2 -4.6216e-2
2.0e0 -3.0e-1 -4.401e-2 -4.401e-2

-2.0e0 -2.0e-1 1.98021e-2 1.98021e-2
-1.9e0 -2.0e-1 2.08218e-2 2.08218e-2
-1.8e0 -2.0e-1 2.19511e-2 2.19511e-2
-1.7e0 -2.0e-1 2.32082e-2 2.32082e-2
-1.6e0 -2.0e-1 2.46153e-2 2.46153e-2
-1.5e0 -2.0e-1 2.62009e-2 2.62009e-2
-1.4e0 -2.0e-1 2.79999e-2 2.79999e-2
-1.3e0 -2.0e-1 3.00578e-2 3.00578e-2
-1.2e0 -2.0e-1 3.24324e-2 3.24324e-2
-1.1e0 -2.0e-1 3.52e-2 3.52e-2
-1.0e0 -2.0e-1 3.84615e-2 3.84615e-2
-9.0e-1 -2.0e-1 4.2352e-2 4.2352e-2
-8.0e-1 -2.0e-1 4.7058e-2 4.7058e-2
-7.0e-1 -2.0e-1 5.2829e-2 5.2829e-2
-6.0e-1 -2.0e-1 5.9999e-2 5.9999e-2
-5.0e-1 -2.0e-1 6.8965e-2 6.8965e-2
-4.0e-1 -2.0e-1 7.9999e-2 7.9999e-2
-3.0e-1 -2.0e-1 9.2307e-2 9.2307e-2
-2.0e-1 -2.0e-1 1.0e-1 1.0e-1
-1.0e-1 -2.0e-1 7.9999e-2 7.9999e-2
0.0e0 -2.0e-1 0.0e0 0.0e0
1.0e-1 -2.0e-1 -7.9999e-2 -7.9999e-2
2.0e-1 -2.0e-1 -1.0e-1 -1.0e-1
3.0e-1 -2.0e-1 -9.2307e-2 -9.2307e-2
4.0e-1 -2.0e-1 -7.9999e-2 -7.9999e-2
5.0e-1 -2.0e-1 -6.8965e-2 -6.8965e-2
6.0e-1 -2.0e-1 -5.9999e-2 -5.9999e-2
7.0e-1 -2.0e-1 -5.2829e-2 -5.2829e-2
8.0e-1 -2.0e-1 -4.7058e-2 -4.7058e-2
9.0e-1 -2.0e-1 -4.2352e-2 -4.2352e-2
1.0e0 -2.0e-1 -3.84615e-2 -3.84615e-2
1.1e0 -2.0e-1 -3.52e-2 -3.52e-2
1.2e0 -2.0e-1 -3.24324e-2 -3.24324e-2
1.3e0 -2.0e-1 -3.00578e-2 -3.00578e-2
1.4e0 -2.0e-1 -2.79999e-2 -2.79999e-2
1.5e0 -2.0e-1 -2.62009e-2 -2.62009e-2
1.6e0 -2.0e-1 -2.46153e-2 -2.46153e-2
1.7e0 -2.0e-1 -2.32082e-2 -2.32082e-2
1.8e0 -2.0e-1 -2.19511e-2 -2.19511e-2
1.9e0 -2.0e-1 -2.08218e-2 -2.08218e-2
2.0e0 -2.0e-1 -1.98021e-2 -1.98021e-2

-2.0e0 -1.0e-1 4.9875e-3 4.9875e-3
-1.9e0 -1.0e-1 5.2486e-3 5.2486e-3
-1.8e0 -1.0e-1 5.5385e-3 5.5385e-3
-1.7e0 -1.0e-1 5.862e-3 5.862e-3
-1.6e0 -1.0e-1 6.2256e-3 6.2256e-3
-1.5e0 -1.0e-1 6.6371e-3 6.6371e-3
-1.4e0 -1.0e-1 7.1065e-3 7.1065e-3
-1.3e0 -1.0e-1 7.647e-3 7.647e-3
-1.2e0 -1.0e-1 8.2758e-3 8.2758e-3
-1.1e0 -1.0e-1 9.0163e-3 9.0163e-3
-1.0e0 -1.0e-1 9.901e-3 9.901e-3
-9.0e-1 -1.0e-1 1.09755e-2 1.09755e-2
-8.0e-1 -1.0e-1 1.23076e-2 1.23076e-2
-7.0e-1 -1.0e-1 1.4e-2 1.4e-2
-6.0e-1 -1.0e-1 1.62161e-2 1.62161e-2
-5.0e-1 -1.0e-1 1.92307e-2 1.92307e-2
-4.0e-1 -1.0e-1 2.35294e-2 2.35294e-2
-3.0e-1 -1.0e-1 3.0e-2 3.0e-2
-2.0e-1 -1.0e-1 4.0e-2 4.0e-2
-1.0e-1 -1.0e-1 5.0e-2 5.0e-2
0.0e0 -1.0e-1 0.0e0 0.0e0
1.0e-1 -1.0e-1 -5.0e-2 -5.0e-2
2.0e-1 -1.0e-1 -4.0e-2 -4.0e-2
3.0e-1 -1.0e-1 -3.0e-2 -3.0e-2
4.0e-1 -1.0e-1 -2.35294e-2 -2.35294e-2
5.0e-1 -1.0e-1 -1.92307e-2 -1.92307e-2
6.0e-1 -1.0e-1 -1.62161e-2 -1.62161e-2
7.0e-1 -1.0e-1 -1.4e-2 -1.4e-2
8.0e-1 -1.0e-1 -1.23076e-2 -1.23076e-2
9.0e-1 -1.0e-1 -1.09755e-2 -1.09755e-2
1.0e0 -1.0e-1 -9.901e-3 -9.901e-3
1.1e0 -1.0e-1 -9.0163e-3 -9.0163e-3
1.2e0 -1.0e-1 -8.2758e-3 -8.2758e-3
1.3e0 -1.0e-1 -7.647e-3 -7.647e-3
1.4e0 -1.0e-1 -7.1065e-3 -7.1065e-3
1.5e0 -1.0e-1 -6.6371e-3 -6.6371e-3
1.6e0 -1.0e-1 -6.2256e-3 -6.2256e-3
1.7e0 -1.0e-1 -5.862e-3 -5.862e-3
1.8e0 -1.0e-1 -5.5385e-3 -5.5385e-3
1.9e0 -1.0e-1 -5.2486e-3 -5.2486e-3
2.0e0 -1.0e-1 -4.9875e-3 -4.9875e-3

-2.0e0 0.0e0 0.0e0 0.0e0
-1.9e0 0.0e0 0.0e0 0.0e0
-1.8e0 0.0e0 0.0e0 0.0e0
-1.7e0 0.0e0 0.0e0 0.0e0
-1.6e0 0.0e0 0.0e0 0.0e0
-1.5e0 0.0e0 0.0e0 0.0e0
-1.4e0 0.0e0 0.0e0 0.0e0
-1.3e0 0.0e0 0.0e0 0.0e0
-1.2e0 0.0e0 0.0e0 0.0e0
-1.1e0 0.0e0 0.0e0 0.0e0
-1.0e0 0.0e0 0.0e0 0.0e0
-9.0e-1 0.0e0 0.0e0 0.0e0
-8.0e-1 0.0e0 0.0e0 0.0e0
-7.0e-1 0.0e0 0.0e0 0.0e0
-6.0e-1 0.0e0 0.0e0 0.0e0
-5.0e-1 0.0e0 0.0e0 0.0e0
-4.0e-1 0.0e0 0.0e0 0.0e0
-3.0e-1 0.0e0 0.0e0 0.0e0
-2.0e-1 0.0e0 0.0e0 0.0e0
-1.0e-1 0.0e0 0.0e0 0.0e0
0.0e0 0.0e0 0.0e0 0.0e0
1.0e-1 0.0e0 0.0e0 0.0e0
2.0e-1 0.0e0 0.0e0 0.0e0
3.0e-1 0.0e0 0.0e0 0.0e0
4.0e-1 0.0e0 0.0e0 0.0e0
5.0e-1 0.0e0 0.0e0 0.0e0
6.0e-1 0.0e0 0.0e0 0.0e0
7.0e-1 0.0e0 0.0e0 0.0e0
8.0e-1 0.0e0 0.0e0 0.0e0
9.0e-1 0.0e0 0.0e0 0.0e0
1.0e0 0.0e0 0.0e0 0.0e0
1.1e0 0.0e0 0.0e0 0.0e0
1.2e0 0.0e0 0.0e0 0.0e0
1.3e0 0.0e0 0.0e0 0.0e0
1.4e0 0.0e0 0.0e0 0.0e0
1.5e0 0.0e0 0.0e0 0.0e0
1.6e0 0.0e0 0.0e0 0.0e0
1.7e0 0.0e0 0.0e0 0.0e0
1.8e0 0.0e0 0.0e0 0.0e0
1.9e0 0.0e0 0.0e0 0.0e0
2.0e0 0.0e0 0.0e0 0.0e0

-2.0e0 1.0e-1 4.9875e-3 4.9875e-3
-1.9e0 1.0e-1 5.2486e-3 5.2486e-3
-1.8e0 1.0e-1 5.5385e-3 5.5385e-3
-1.7e0 1.0e-1 5.862e-3 5.862e-3
-1.6e0 1.0e-1 6.2256e-3 6.2256e-3
-1.5e0 1.0e-1 6.6371e-3 6.6371e-3
-1.4e0 1.0e-1 7.1065e-3 7.1065e-3
-1.3e0 1.0e-1 7.647e-3 7.647e-3
-1.2e0 1.0e-1 8.2758e-3 8.2758e-3
-1.1e0 1.0e-1 9.0163e-3 9.0163e-3
-1.0e0 1.0e-1 9.901e-3 9.901e-3
-9.0e-1 1.0e-1 1.09755e-2 1.09755e-2
-8.0e-1 1.0e-1 1.23076e-2 1.23076e-2
-7.0e-1 1.0e-1 1.4e-2 1.4e-2
-6.0e-1 1.0e-1 1.62161e-2 1.62161e-2
-5.0e-1 1.0e-1 1.92307e-2 1.92307e-2
-4.0e-1 1.0e-1 2.35294e-2 2.35294e-2
-3.0e-1 1.0e-1 3.0e-2 3.0e-2
-2.0e-1 1.0e-1 4.0e-2 4.0e-2
-1.0e-1 1.0e-1 5.0e-2 5.0e-2
0.0e0 1.0e-1 0.0e0 0.0e0
1.0e-1 1.0e-1 -5.0e-2 -5.0e-2
2.0e-1 1.0e-1 -4.0e-2 -4.0e-2
3.0e-1 1.0e-1 -3.0e-2 -3.0e-2
4.0e-1 1.0e-1 -2.35294e-2 -2.35294e-2
5.0e-1 1.0e-1 -1.92307e-2 -1.92307e-2
6.0e-1 1.0e-1 -1.62161e-2 -1.62161e-2
7.0e-1 1.0e-1 -1.4e-2 -1.4e-2
8.0e-1 1.0e-1 -1.23076e-2 -1.23076e-2
9.0e-1 1.0e-1 -1.09755e-2 -1.09755e-2
1.0e0 1.0e-1 -9.901e-3 -9.901e-3
1.1e0 1.0e-1 -9.0163e-3 -9.0163e-3
1.2e0 1.0e-1 -8.2758e-3 -8.2758e-3
1.3e0 1.0e-1 -7.647e-3 -7.647e-3
1.4e0 1.0e-1 -7.1065e-3 -7.1065e-3
1.5e0 1.0e-1 -6.6371e-3 -6.6371e-3
1.6e0 1.0e-1 -6.2256e-3 -6.2256e-3
1.7e0 1.0e-1 -5.862e-3 -5.862e-3
1.8e0 1.0e-1 -5.5385e-3 -5.5385e-3
1.9e0 1.0e-1 -5.2486e-3 -5.2486e-3
2.0e0 1.0e-1 -4.9875e-3 -4.9875e-3

-2.0e0 2.0e-1 1.98021e-2 1.98021e-2
-1.9e0 2.0e-1 2.08218e-2 2.08218e-2
-1.8e0 2.0e-1 2.19511e-2 2.19511e-2
-1.7e0 2.0e-1 2.32082e-2 2.32082e-2
-1.6e0 2.0e-1 2.46153e-2 2.46153e-2
-1.5e0 2.0e-1 2.62009e-2 2.62009e-2
-1.4e0 2.0e-1 2.79999e-2 2.79999e-2
-1.3e0 2.0e-1 3.00578e-2 3.00578e-2
-1.2e0 2.0e-1 3.24324e-2 3.24324e-2
-1.1e0 2.0e-1 3.52e-2 3.52e-2
-1.0e0 2.0e-1 3.84615e-2 3.84615e-2
-9.0e-1 2.0e-1 4.2352e-2 4.2352e-2
-8.0e-1 2.0e-1 4.7058e-2 4.7058e-2
-7.0e-1 2.0e-1 5.2829e-2 5.2829e-2
-6.0e-1 2.0e-1 5.9999e-2 5.9999e-2
-5.0e-1 2.0e-1 6.8965e-2 6.8965e-2
-4.0e-1 2.0e-1 7.9999e-2 7.9999e-2
-3.0e-1 2.0e-1 9.2307e-2 9.2307e-2
-2.0e-1 2.0e-1 1.0e-1 1.0e-1
-1.0e-1 2.0e-1 7.9999e-2 7.9999e-2
0.0e0 2.0e-1 0.0e0 0.0e0
1.0e-1 2.0e-1 -7.9999e-2 -7.9999e-2
2.0e-1 2.0e-1 -1.0e-1 -1.0e-1
3.0e-1 2.0e-1 -9.2307e-2 -9.2307e-2
4.0e-1 2.0e-1 -7.9999e-2 -7.9999e-2
5.0e-1 2.0e-1 -6.8965e-2 -6.8965e-2
6.0e-1 2.0e-1 -5.9999e-2 -5.9999e-2
7.0e-1 2.0e-1 -5.2829e-2 -5.2829e-2
8.0e-1 2.0e-1 -4.7058e-2 -4.7058e-2
9.0e-1 2.0e-1 -4.2352e-2 -4.2352e-2
1.0e0 2.0e-1 -3.84615e-2 -3.84615e-2
1.1e0 2.0e-1 -3.52e-2 -3.52e-2
1.2e0 2.0e-1 -3.24324e-2 -3.24324e-2
1.3e0 2.0e-1 -3.00578e-2 -3.00578e-2
1.4e0 2.0e-1 -2.79999e-2 -2.79999e-2
1.5e0 2.0e-1 -2.62009e-2 -2.62009e-2
1.6e0 2.0e-1 -2.46153e-2 -2.46153e-2
1.7e0 2.0e-1 -2.32082e-2 -2.32082e-2
1.8e0 2.0e-1 -2.19511e-2 -2.19511e-2
1.9e0 2.0e-1 -2.08218e-2 -2.08218e-2
2.0e0 2.0e-1 -1.98021e-2 -1.98021e-2

-2.0e0 3.0e-1 4.401e-2 4.401e-2
-1.9e0 3.0e-1 4.6216e-2 4.6216e-2
-1.8e0 3.0e-1 4.865e-2 4.865e-2
-1.7e0 3.0e-1 5.1343e-2 5.1343e-2
-1.6e0 3.0e-1 5.434e-2 5.434e-2
-1.5e0 3.0e-1 5.7692e-2 5.7692e-2
-1.4e0 3.0e-1 6.1462e-2 6.1462e-2
-1.3e0 3.0e-1 6.573e-2 6.573e-2
-1.2e0 3.0e-1 7.0589e-2 7.0589e-2
-1.1e0 3.0e-1 7.61537e-2 7.61537e-2
-1.0e0 3.0e-1 8.2569e-2 8.2569e-2
-9.0e-1 3.0e-1 9.0e-2 9.0e-2
-8.0e-1 3.0e-1 9.863e-2 9.863e-2
-7.0e-1 3.0e-1 1.0862e-1 1.0862e-1
-6.0e-1 3.0e-1 1.2e-1 1.2e-1
-5.0e-1 3.0e-1 1.32352e-1 1.32352e-1
-4.0e-1 3.0e-1 1.43999e-1 1.43999e-1
-3.0e-1 3.0e-1 1.5e-1 1.5e-1
-2.0e-1 3.0e-1 1.38461e-1 1.38461e-1
-1.0e-1 3.0e-1 9.0e-2 9.0e-2
0.0e0 3.0e-1 0.0e0 0.0e0
1.0e-1 3.0e-1 -9.0e-2 -9.0e-2
2.0e-1 3.0e-1 -1.38461e-1 -1.38461e-1
3.0e-1 3.0e-1 -1.5e-1 -1.5e-1
4.0e-1 3.0e-1 -1.43999e-1 -1.43999e-1
5.0e-1 3.0e-1 -1.32352e-1 -1.32352e-1
6.0e-1 3.0e-1 -1.2e-1 -1.2e-1
7.0e-1 3.0e-1 -1.0862e-1 -1.0862e-1
8.0e-1 3.0e-1 -9.863e-2 -9.863e-2
9.0e-1 3.0e-1 -9.0e-2 -9.0e-2
1.0e0 3.0e-1 -8.2569e-2 -8.2569e-2
1.1e0 3.0e-1 -7.61537e-2 -7.61537e-2
1.2e0 3.0e-1 -7.0589e-2 -7.0589e-2
1.3e0 3.0e-1 -6.573e-2 -6.573e-2
1.4e0 3.0e-1 -6.1462e-2 -6.1462e-2
1.5e0 3.0e-1 -5.7692e-2 -5.7692e-2
1.6e0 3.0e-1 -5.434e-2 -5.434e-2
1.7e0 3.0e-1 -5.1343e-2 -5.1343e-2
1.8e0 3.0e-1 -4.865e-2 -4.865e-2
1.9e0 3.0e-1 -4.6216e-2 -4.6216e-2
2.0e0 3.0e-1 -4.401e-2 -4.401e-2

-2.0e0 4.0e-1 7.6923e-2 7.6923e-2
-1.9e0 4.0e-1 8.0637e-2 8.0637e-2
-1.8e0 4.0e-1 8.4705e-2 8.4705e-2
-1.7e0 4.0e-1 8.918e-2 8.918e-2
-1.6e0 4.0e-1 9.4118e-2 9.4118e-2
-1.5e0 4.0e-1 9.9585e-2 9.9585e-2
-1.4e0 4.0e-1 1.0566e-1 1.0566e-1
-1.3e0 4.0e-1 1.12431e-1 1.12431e-1
-1.2e0 4.0e-1 1.2e-1 1.2e-1
-1.1e0 4.0e-1 1.28467e-1 1.28467e-1
-1.0e0 4.0e-1 1.3793e-1 1.3793e-1
-9.0e-1 4.0e-1 1.4845e-1 1.4845e-1
-8.0e-1 4.0e-1 1.5999e-1 1.5999e-1
-7.0e-1 4.0e-1 1.723e-1 1.723e-1
-6.0e-1 4.0e-1 1.84615e-1 1.84615e-1
-5.0e-1 4.0e-1 1.95122e-1 1.95122e-1
-4.0e-1 4.0e-1 2.0e-1 2.0e-1
-3.0e-1 4.0e-1 1.92e-1 1.92e-1
-2.0e-1 4.0e-1 1.59999e-1 1.59999e-1
-1.0e-1 4.0e-1 9.4116e-2 9.4116e-2
0.0e0 4.0e-1 0.0e0 0.0e0
1.0e-1 4.0e-1 -9.4116e-2 -9.4116e-2
2.0e-1 4.0e-1 -1.59999e-1 -1.59999e-1
3.0e-1 4.0e-1 -1.92e-1 -1.92e-1
4.0e-1 4.0e-1 -2.0e-1 -2.0e-1
5.0e-1 4.0e-1 -1.95122e-1 -1.95122e-1
6.0e-1 4.0e-1 -1.84615e-1 -1.84615e-1
7.0e-1 4.0e-1 -1.723e-1 -1.723e-1
8.0e-1 4.0e-1 -1.5999e-1 -1.5999e-1
9.0e-1 4.0e-1 -1.4845e-1 -1.4845e-1
1.0e0 4.0e-1 -1.3793e-1 -1.3793e-1
1.1e0 4.0e-1 -1.28467e-1 -1.28467e-1
1.2e0 4.0e-1 -1.2e-1 -1.2e-1
1.3e0 4.0e-1 -1.12431e-1 -1.12431e-1
1.4e0 4.0e-1 -1.0566e-1 -1.0566e-1
1.5e0 4.0e-1 -9.9585e-2 -9.9585e-2
1.6e0 4.0e-1 -9.4118e-2 -9.4118e-2
1.7e0 4.0e-1 -8.918e-2 -8.918e-2
1.8e0 4.0e-1 -8.4705e-2 -8.4705e-2
1.9e0 4.0e-1 -8.0637e-2 -8.0637e-2
2.0e0 4.0e-1 -7.6923e-2 -7.6923e-2

-2.0e0 5.0e-1 1.17647e-1 1.17647e-1
-1.9e0 5.0e-1 1.23058e-1 1.23058e-1
-1.8e0 5.0e-1 1.2894e-1 1.2894e-1
-1.7e0 5.0e-1 1.3535e-1 1.3535e-1
-1.6e0 5.0e-1 1.4235e-1 1.4235e-1
-1.5e0 5.0e-1 1.5e-1 1.5e-1
-1.4e0 5.0e-1 1.58371e-1 1.58371e-1
-1.3e0 5.0e-1 1.67525e-1 1.67525e-1
-1.2e0 5.0e-1 1.77515e-1 1.77515e-1
-1.1e0 5.0e-1 1.88354e-1 1.88354e-1
-1.0e0 5.0e-1 2.0e-1 2.0e-1
-9.0e-1 5.0e-1 2.12263e-1 2.12263e-1
-8.0e-1 5.0e-1 2.2472e-1 2.2472e-1
-7.0e-1 5.0e-1 2.3648e-1 2.3648e-1
-6.0e-1 5.0e-1 2.459e-1 2.459e-1
-5.0e-1 5.0e-1 2.5e-1 2.5e-1
-4.0e-1 5.0e-1 2.439e-1 2.439e-1
-3.0e-1 5.0e-1 2.20587e-1 2.20587e-1
-2.0e-1 5.0e-1 1.72414e-1 1.72414e-1
-1.0e-1 5.0e-1 9.6153e-2 9.6153e-2
0.0e0 5.0e-1 0.0e0 0.0e0
1.0e-1 5.0e-1 -9.6153e-2 -9.6153e-2
2.0e-1 5.0e-1 -1.72414e-1 -1.72414e-1
3.0e-1 5.0e-1 -2.20587e-1 -2.20587e-1
4.0e-1 5.0e-1 -2.439e-1 -2.439e-1
5.0e-1 5.0e-1 -2.5e-1 -2.5e-1
6.0e-1 5.0e-1 -2.459e-1 -2.459e-1
7.0e-1 5.0e-1 -2.3648e-1 -2.3648e-1
8.0e-1 5.0e-1 -2.2472e-1 -2.2472e-1
9.0e-1 5.0e-1 -2.12263e-1 -2.12263e-1
1.0e0 5.0e-1 -2.0e-1 -2.0e-1
1.1e0 5.0e-1 -1.88354e-1 -1.88354e-1
1.2e0 5.0e-1 -1.77515e-1 -1.77515e-1
1.3e0 5.0e-1 -1.67525e-1 -1.67525e-1
1.4e0 5.0e-1 -1.58371e-1 -1.58371e-1
1.5e0 5.0e-1 -1.5e-1 -1.5e-1
1.6e0 5.0e-1 -1.4235e-1 -1.4235e-1
1.7e0 5.0e-1 -1.3535e-1 -1.3535e-1
1.8e0 5.0e-1 -1.2894e-1 -1.2894e-1
1.9e0 5.0e-1 -1.23058e-1 -1.23058e-1
2.0e0 5.0e-1 -1.17647e-1 -1.17647e-1

-2.0e0 6.0e-1 1.65137e-1 1.65137e-1
-1.9e0 6.0e-1 1.72292e-1 1.72292e-1
-1.8e0 6.0e-1 1.79999e-1 1.79999e-1
-1.7e0 6.0e-1 1.88307e-1 1.88307e-1
-1.6e0 6.0e-1 1.9726e-1 1.9726e-1
-1.5e0 6.0e-1 2.06897e-1 2.06897e-1
-1.4e0 6.0e-1 2.17241e-1 2.17241e-1
-1.3e0 6.0e-1 2.28293e-1 2.28293e-1
-1.2e0 6.0e-1 2.4e-1 2.4e-1
-1.1e0 6.0e-1 2.5223e-1 2.5223e-1
-1.0e0 6.0e-1 2.64705e-1 2.64705e-1
-9.0e-1 6.0e-1 2.76923e-1 2.76923e-1
-8.0e-1 6.0e-1 2.87999e-1 2.87999e-1
-7.0e-1 6.0e-1 2.9646e-1 2.9646e-1
-6.0e-1 6.0e-1 2.9999e-1 2.9999e-1
-5.0e-1 6.0e-1 2.9507e-1 2.9507e-1
-4.0e-1 6.0e-1 2.7692e-1 2.7692e-1
-3.0e-1 6.0e-1 2.3999e-1 2.3999e-1
-2.0e-1 6.0e-1 1.79999e-1 1.79999e-1
-1.0e-1 6.0e-1 9.7296e-2 9.7296e-2
0.0e0 6.0e-1 0.0e0 0.0e0
1.0e-1 6.0e-1 -9.7296e-2 -9.7296e-2
2.0e-1 6.0e-1 -1.79999e-1 -1.79999e-1
3.0e-1 6.0e-1 -2.3999e-1 -2.3999e-1
4.0e-1 6.0e-1 -2.7692e-1 -2.7692e-1
5.0e-1 6.0e-1 -2.9507e-1 -2.9507e-1
6.0e-1 6.0e-1 -2.9999e-1 -2.9999e-1
7.0e-1 6.0e-1 -2.9646e-1 -2.9646e-1
8.0e-1 6.0e-1 -2.87999e-1 -2.87999e-1
9.0e-1 6.0e-1 -2.76923e-1 -2.76923e-1
1.0e0 6.0e-1 -2.64705e-1 -2.64705e-1
1.1e0 6.0e-1 -2.5223e-1 -2.5223e-1
1.2e0 6.0e-1 -2.4e-1 -2.4e-1
1.3e0 6.0e-1 -2.28293e-1 -2.28293e-1
1.4e0 6.0e-1 -2.17241e-1 -2.17241e-1
1.5e0 6.0e-1 -2.06897e-1 -2.06897e-1
1.6e0 6.0e-1 -1.9726e-1 -1.9726e-1
1.7e0 6.0e-1 -1.88307e-1 -1.88307e-1
1.8e0 6.0e-1 -1.79999e-1 -1.79999e-1
1.9e0 6.0e-1 -1.72292e-1 -1.72292e-1
2.0e0 6.0e-1 -1.65137e-1 -1.65137e-1

-2.0e0 7.0e-1 2.18263e-1 2.18263e-1
-1.9e0 7.0e-1 2.27072e-1 2.27072e-1
-1.8e0 7.0e-1 2.36461e-1 2.36461e-1
-1.7e0 7.0e-1 2.4645e-1 2.4645e-1
-1.6e0 7.0e-1 2.5705e-1 2.5705e-1
-1.5e0 7.0e-1 2.68248e-1 2.68248e-1
-1.4e0 7.0e-1 2.8e-1 2.8e-1
-1.3e0 7.0e-1 2.92203e-1 2.92203e-1
-1.2e0 7.0e-1 3.04663e-1 3.04663e-1
-1.1e0 7.0e-1 3.17058e-1 3.17058e-1
-1.0e0 7.0e-1 3.28859e-1 3.28859e-1
-9.0e-1 7.0e-1 3.3923e-1 3.3923e-1
-8.0e-1 7.0e-1 3.46901e-1 3.46901e-1
-7.0e-1 7.0e-1 3.4999e-1 3.4999e-1
-6.0e-1 7.0e-1 3.4587e-1 3.4587e-1
-5.0e-1 7.0e-1 3.3107e-1 3.3107e-1
-4.0e-1 7.0e-1 3.0153e-1 3.0153e-1
-3.0e-1 7.0e-1 2.5343e-1 2.5343e-1
-2.0e-1 7.0e-1 1.84904e-1 1.84904e-1
-1.0e-1 7.0e-1 9.8e-2 9.8e-2
0.0e0 7.0e-1 0.0e0 0.0e0
1.0e-1 7.0e-1 -9.8e-2 -9.8e-2
2.0e-1 7.0e-1 -1.84904e-1 -1.84904e-1
3.0e-1 7.0e-1 -2.5343e-1 -2.5343e-1
4.0e-1 7.0e-1 -3.0153e-1 -3.0153e-1
5.0e-1 7.0e-1 -3.3107e-1 -3.3107e-1
6.0e-1 7.0e-1 -3.4587e-1 -3.4587e-1
7.0e-1 7.0e-1 -3.4999e-1 -3.4999e-1
8.0e-1 7.0e-1 -3.46901e-1 -3.46901e-1
9.0e-1 7.0e-1 -3.3923e-1 -3.3923e-1
1.0e0 7.0e-1 -3.28859e-1 -3.28859e-1
1.1e0 7.0e-1 -3.17058e-1 -3.17058e-1
1.2e0 7.0e-1 -3.04663e-1 -3.04663e-1
1.3e0 7.0e-1 -2.92203e-1 -2.92203e-1
1.4e0 7.0e-1 -2.8e-1 -2.8e-1
1.5e0 7.0e-1 -2.68248e-1 -2.68248e-1
1.6e0 7.0e-1 -2.5705e-1 -2.5705e-1
1.7e0 7.0e-1 -2.4645e-1 -2.4645e-1
1.8e0 7.0e-1 -2.36461e-1 -2.36461e-1
1.9e0 7.0e-1 -2.27072e-1 -2.27072e-1
2.0e0 7.0e-1 -2.18263e-1 -2.18263e-1

-2.0e0 8.0e-1 2.7586e-1 2.7586e-1
-1.9e0 8.0e-1 2.8612e-1 2.8612e-1
-1.8e0 8.0e-1 2.969e-1 2.969e-1
-1.7e0 8.0e-1 3.0821e-1 3.0821e-1
-1.6e0 8.0e-1 3.1999e-1 3.1999e-1
-1.5e0 8.0e-1 3.32181e-1 3.32181e-1
-1.4e0 8.0e-1 3.44615e-1 3.44615e-1
-1.3e0 8.0e-1 3.57082e-1 3.57082e-1
-1.2e0 8.0e-1 3.6923e-1 3.6923e-1
-1.1e0 8.0e-1 3.8054e-1 3.8054e-1
-1.0e0 8.0e-1 3.90244e-1 3.90244e-1
-9.0e-1 8.0e-1 3.97241e-1 3.97241e-1
-8.0e-1 8.0e-1 4.0e-1 4.0e-1
-7.0e-1 8.0e-1 3.96458e-1 3.96458e-1
-6.0e-1 8.0e-1 3.84e-1 3.84e-1
-5.0e-1 8.0e-1 3.5954e-1 3.5954e-1
-4.0e-1 8.0e-1 3.1999e-1 3.1999e-1
-3.0e-1 8.0e-1 2.63e-1 2.63e-1
-2.0e-1 8.0e-1 1.8823e-1 1.8823e-1
-1.0e-1 8.0e-1 9.846e-2 9.846e-2
0.0e0 8.0e-1 0.0e0 0.0e0
1.0e-1 8.0e-1 -9.846e-2 -9.846e-2
2.0e-1 8.0e-1 -1.8823e-1 -1.8823e-1
3.0e-1 8.0e-1 -2.63e-1 -2.63e-1
4.0e-1 8.0e-1 -3.1999e-1 -3.1999e-1
5.0e-1 8.0e-1 -3.5954e-1 -3.5954e-1
6.0e-1 8.0e-1 -3.84e-1 -3.84e-1
7.0e-1 8.0e-1 -3.96458e-1 -3.96458e-1
8.0e-1 8.0e-1 -4.0e-1 -4.0e-1
9.0e-1 8.0e-1 -3.97241e-1 -3.97241e-1
1.0e0 8.0e-1 -3.90244e-1 -3.90244e-1
1.1e0 8.0e-1 -3.8054e-1 -3.8054e-1
1.2e0 8.0e-1 -3.6923e-1 -3.6923e-1
1.3e0 8.0e-1 -3.57082e-1 -3.57082e-1
1.4e0 8.0e-1 -3.44615e-1 -3.44615e-1
1.5e0 8.0e-1 -3.32181e-1 -3.32181e-1
1.6e0 8.0e-1 -3.1999e-1 -3.1999e-1
1.7e0 8.0e-1 -3.0821e-1 -3.0821e-1
1.8e0 8.0e-1 -2.969e-1 -2.969e-1
1.9e0 8.0e-1 -2.8612e-1 -2.8612e-1
2.0e0 8.0e-1 -2.7586e-1 -2.7586e-1

-2.0e0 9.0e-1 3.368e-1 3.368e-1
-1.9e0 9.0e-1 3.4819e-1 3.4819e-1
-1.8e0 9.0e-1 3.6e-1 3.6e-1
-1.7e0 9.0e-1 3.7216e-1 3.7216e-1
-1.6e0 9.0e-1 3.8457e-1 3.8457e-1
-1.5e0 9.0e-1 3.9706e-1 3.9706e-1
-1.4e0 9.0e-1 4.094e-1 4.094e-1
-1.3e0 9.0e-1 4.2119e-1 4.2119e-1
-1.2e0 9.0e-1 4.32e-1 4.32e-1
-1.1e0 9.0e-1 4.41089e-1 4.41089e-1
-1.0e0 9.0e-1 4.47513e-1 4.47513e-1
-9.0e-1 9.0e-1 4.5e-1 4.5e-1
-8.0e-1 9.0e-1 4.46896e-1 4.46896e-1
-7.0e-1 9.0e-1 4.36153e-1 4.36153e-1
-6.0e-1 9.0e-1 4.15384e-1 4.15384e-1
-5.0e-1 9.0e-1 3.82076e-1 3.82076e-1
-4.0e-1 9.0e-1 3.3401e-1 3.3401e-1
-3.0e-1 9.0e-1 2.6999e-1 2.6999e-1
-2.0e-1 9.0e-1 1.9058e-1 1.9058e-1
-1.0e-1 9.0e-1 9.878e-2 9.878e-2
0.0e0 9.0e-1 0.0e0 0.0e0
1.0e-1 9.0e-1 -9.878e-2 -9.878e-2
2.0e-1 9.0e-1 -1.9058e-1 -1.9058e-1
3.0e-1 9.0e-1 -2.6999e-1 -2.6999e-1
4.0e-1 9.0e-1 -3.3401e-1 -3.3401e-1
5.0e-1 9.0e-1 -3.82076e-1 -3.82076e-1
6.0e-1 9.0e-1 -4.15384e-1 -4.15384e-1
7.0e-1 9.0e-1 -4.36153e-1 -4.36153e-1
8.0e-1 9.0e-1 -4.46896e-1 -4.46896e-1
9.0e-1 9.0e-1 -4.5e-1 -4.5e-1
1.0e0 9.0e-1 -4.47513e-1 -4.47513e-1
1.1e0 9.0e-1 -4.41089e-1 -4.41089e-1
1.2e0 9.0e-1 -4.32e-1 -4.32e-1
1.3e0 9.0e-1 -4.2119e-1 -4.2119e-1
1.4e0 9.0e-1 -4.094e-1 -4.094e-1
1.5e0 9.0e-1 -3.9706e-1 -3.9706e-1
1.6e0 9.0e-1 -3.8457e-1 -3.8457e-1
1.7e0 9.0e-1 -3.7216e-1 -3.7216e-1
1.8e0 9.0e-1 -3.6e-1 -3.6e-1
1.9e0 9.0e-1 -3.4819e-1 -3.4819e-1
2.0e0 9.0e-1 -3.368e-1 -3.368e-1

-2.0e0 1.0e0 4.0e-1 4.0e-1
-1.9e0 1.0e0 4.1216e-1 4.1216e-1
-1.8e0 1.0e0 4.2453e-1 4.2453e-1
-1.7e0 1.0e0 4.3703e-1 4.3703e-1
-1.6e0 1.0e0 4.4945e-1 4.4945e-1
-1.5e0 1.0e0 4.6155e-1 4.6155e-1
-1.4e0 1.0e0 4.7298e-1 4.7298e-1
-1.3e0 1.0e0 4.8328e-1 4.8328e-1
-1.2e0 1.0e0 4.918e-1 4.918e-1
-1.1e0 1.0e0 4.9774e-1 4.9774e-1
-1.0e0 1.0e0 5.0e-1 5.0e-1
-9.0e-1 1.0e0 4.97237e-1 4.97237e-1
-8.0e-1 1.0e0 4.87804e-1 4.87804e-1
-7.0e-1 1.0e0 4.69798e-1 4.69798e-1
-6.0e-1 1.0e0 4.41176e-1 4.41176e-1
-5.0e-1 1.0e0 4.0e-1 4.0e-1
-4.0e-1 1.0e0 3.44827e-1 3.44827e-1
-3.0e-1 1.0e0 2.7523e-1 2.7523e-1
-2.0e-1 1.0e0 1.92307e-1 1.92307e-1
-1.0e-1 1.0e0 9.901e-2 9.901e-2
0.0e0 1.0e0 0.0e0 0.0e0
1.0e-1 1.0e0 -9.901e-2 -9.901e-2
2.0e-1 1.0e0 -1.92307e-1 -1.92307e-1
3.0e-1 1.0e0 -2.7523e-1 -2.7523e-1
4.0e-1 1.0e0 -3.44827e-1 -3.44827e-1
5.0e-1 1.0e0 -4.0e-1 -4.0e-1
6.0e-1 1.0e0 -4.41176e-1 -4.41176e-1
7.0e-1 1.0e0 -4.69798e-1 -4.69798e-1
8.0e-1 1.0e0 -4.87804e-1 -4.87804e-1
9.0e-1 1.0e0 -4.97237e-1 -4.97237e-1
1.0e0 1.0e0 -5.0e-1 -5.0e-1
1.1e0 1.0e0 -4.9774e-1 -4.9774e-1
1.2e0 1.0e0 -4.918e-1 -4.918e-1
1.3e0 1.0e0 -4.8328e-1 -4.8328e-1
1.4e0 1.0e0 -4.7298e-1 -4.7298e-1
1.5e0 1.0e0 -4.6155e-1 -4.6155e-1
1.6e0 1.0e0 -4.4945e-1 -4.4945e-1
1.7e0 1.0e0 -4.3703e-1 -4.3703e-1
1.8e0 1.0e0 -4.2453e-1 -4.2453e-1
1.9e0 1.0e0 -4.1216e-1 -4.1216e-1
2.0e0 1.0e0 -4.0e-1 -4.0e-1

-2.0e0 1.1e0 4.645e-1 4.645e-1
-1.9e0 1.1e0 4.7697e-1 4.7697e-1
-1.8e0 1.1e0 4.8944e-1 4.8944e-1
-1.7e0 1.1e0 5.017e-1 5.017e-1
-1.6e0 1.1e0 5.1353e-1 5.1353e-1
-1.5e0 1.1e0 5.2457e-1 5.2457e-1
-1.4e0 1.1e0 5.3438e-1 5.3438e-1
-1.3e0 1.1e0 5.424e-1 5.424e-1
-1.2e0 1.1e0 5.4793e-1 5.4793e-1
-1.1e0 1.1e0 5.5e-1 5.5e-1
-1.0e0 1.1e0 5.4752e-1 5.4752e-1
-9.0e-1 1.1e0 5.391e-1 5.391e-1
-8.0e-1 1.1e0 5.23244e-1 5.23244e-1
-7.0e-1 1.1e0 4.98235e-1 4.98235e-1
-6.0e-1 1.1e0 4.6242e-1 4.6242e-1
-5.0e-1 1.1e0 4.14383e-1 4.14383e-1
-4.0e-1 1.1e0 3.53284e-1 3.53284e-1
-3.0e-1 1.1e0 2.7923e-1 2.7923e-1
-2.0e-1 1.1e0 1.936e-1 1.936e-1
-1.0e-1 1.1e0 9.918e-2 9.918e-2
0.0e0 1.1e0 0.0e0 0.0e0
1.0e-1 1.1e0 -9.918e-2 -9.918e-2
2.0e-1 1.1e0 -1.936e-1 -1.936e-1
3.0e-1 1.1e0 -2.7923e-1 -2.7923e-1
4.0e-1 1.1e0 -3.53284e-1 -3.53284e-1
5.0e-1 1.1e0 -4.14383e-1 -4.14383e-1
6.0e-1 1.1e0 -4.6242e-1 -4.6242e-1
7.0e-1 1.1e0 -4.98235e-1 -4.98235e-1
8.0e-1 1.1e0 -5.23244e-1 -5.23244e-1
9.0e-1 1.1e0 -5.391e-1 -5.391e-1
1.0e0 1.1e0 -5.4752e-1 -5.4752e-1
1.1e0 1.1e0 -5.5e-1 -5.5e-1
1.2e0 1.1e0 -5.4793e-1 -5.4793e-1
1.3e0 1.1e0 -5.424e-1 -5.424e-1
1.4e0 1.1e0 -5.3438e-1 -5.3438e-1
1.5e0 1.1e0 -5.2457e-1 -5.2457e-1
1.6e0 1.1e0 -5.1353e-1 -5.1353e-1
1.7e0 1.1e0 -5.017e-1 -5.017e-1
1.8e0 1.1e0 -4.8944e-1 -4.8944e-1
1.9e0 1.1e0 -4.7697e-1 -4.7697e-1
2.0e0 1.1e0 -4.645e-1 -4.645e-1

-2.0e0 1.2e0 5.294e-1 5.294e-1
-1.9e0 1.2e0 5.4178e-1 5.4178e-1
-1.8e0 1.2e0 5.5385e-1 5.5385e-1
-1.7e0 1.2e0 5.6535e-1 5.6535e-1
-1.6e0 1.2e0 5.7599e-1 5.7599e-1
-1.5e0 1.2e0 5.8537e-1 5.8537e-1
-1.4e0 1.2e0 5.9293e-1 5.9293e-1
-1.3e0 1.2e0 5.9808e-1 5.9808e-1
-1.2e0 1.2e0 6.0e-1 6.0e-1
-1.1e0 1.2e0 5.9773e-1 5.9773e-1
-1.0e0 1.2e0 5.9016e-1 5.9016e-1
-9.0e-1 1.2e0 5.7599e-1 5.7599e-1
-8.0e-1 1.2e0 5.5383e-1 5.5383e-1
-7.0e-1 1.2e0 5.2228e-1 5.2228e-1
-6.0e-1 1.2e0 4.79999e-1 4.79999e-1
-5.0e-1 1.2e0 4.26035e-1 4.26035e-1
-4.0e-1 1.2e0 3.59999e-1 3.59999e-1
-3.0e-1 1.2e0 2.82353e-1 2.82353e-1
-2.0e-1 1.2e0 1.94594e-1 1.94594e-1
-1.0e-1 1.2e0 9.931e-2 9.931e-2
0.0e0 1.2e0 0.0e0 0.0e0
1.0e-1 1.2e0 -9.931e-2 -9.931e-2
2.0e-1 1.2e0 -1.94594e-1 -1.94594e-1
3.0e-1 1.2e0 -2.82353e-1 -2.82353e-1
4.0e-1 1.2e0 -3.59999e-1 -3.59999e-1
5.0e-1 1.2e0 -4.26035e-1 -4.26035e-1
6.0e-1 1.2e0 -4.79999e-1 -4.79999e-1
7.0e-1 1.2e0 -5.2228e-1 -5.2228e-1
8.0e-1 1.2e0 -5.5383e-1 -5.5383e-1
9.0e-1 1.2e0 -5.7599e-1 -5.7599e-1
1.0e0 1.2e0 -5.9016e-1 -5.9016e-1
1.1e0 1.2e0 -5.9773e-1 -5.9773e-1
1.2e0 1.2e0 -6.0e-1 -6.0e-1
1.3e0 1.2e0 -5.9808e-1 -5.9808e-1
1.4e0 1.2e0 -5.9293e-1 -5.9293e-1
1.5e0 1.2e0 -5.8537e-1 -5.8537e-1
1.6e0 1.2e0 -5.7599e-1 -5.7599e-1
1.7e0 1.2e0 -5.6535e-1 -5.6535e-1
1.8e0 1.2e0 -5.5385e-1 -5.5385e-1
1.9e0 1.2e0 -5.4178e-1 -5.4178e-1
2.0e0 1.2e0 -5.294e-1 -5.294e-1

-2.0e0 1.3e0 5.9402e-1 5.9402e-1
-1.9e0 1.3e0 6.0583e-1 6.0583e-1
-1.8e0 1.3e0 6.1705e-1 6.1705e-1
-1.7e0 1.3e0 6.2729e-1 6.2729e-1
-1.6e0 1.3e0 6.3623e-1 6.3623e-1
-1.5e0 1.3e0 6.434e-1 6.434e-1
-1.4e0 1.3e0 6.4822e-1 6.4822e-1
-1.3e0 1.3e0 6.5e-1 6.5e-1
-1.2e0 1.3e0 6.4792e-1 6.4792e-1
-1.1e0 1.3e0 6.4102e-1 6.4102e-1
-1.0e0 1.3e0 6.2825e-1 6.2825e-1
-9.0e-1 1.3e0 6.084e-1 6.084e-1
-8.0e-1 1.3e0 5.8026e-1 5.8026e-1
-7.0e-1 1.3e0 5.4266e-1 5.4266e-1
-6.0e-1 1.3e0 4.9463e-1 4.9463e-1
-5.0e-1 1.3e0 4.35567e-1 4.35567e-1
-4.0e-1 1.3e0 3.65405e-1 3.65405e-1
-3.0e-1 1.3e0 2.84831e-1 2.84831e-1
-2.0e-1 1.3e0 1.95377e-1 1.95377e-1
-1.0e-1 1.3e0 9.9411e-2 9.9411e-2
0.0e0 1.3e0 0.0e0 0.0e0
1.0e-1 1.3e0 -9.9411e-2 -9.9411e-2
2.0e-1 1.3e0 -1.95377e-1 -1.95377e-1
3.0e-1 1.3e0 -2.84831e-1 -2.84831e-1
4.0e-1 1.3e0 -3.65405e-1 -3.65405e-1
5.0e-1 1.3e0 -4.35567e-1 -4.35567e-1
6.0e-1 1.3e0 -4.9463e-1 -4.9463e-1
7.0e-1 1.3e0 -5.4266e-1 -5.4266e-1
8.0e-1 1.3e0 -5.8026e-1 -5.8026e-1
9.0e-1 1.3e0 -6.084e-1 -6.084e-1
1.0e0 1.3e0 -6.2825e-1 -6.2825e-1
1.1e0 1.3e0 -6.4102e-1 -6.4102e-1
1.2e0 1.3e0 -6.4792e-1 -6.4792e-1
1.3e0 1.3e0 -6.5e-1 -6.5e-1
1.4e0 1.3e0 -6.4822e-1 -6.4822e-1
1.5e0 1.3e0 -6.434e-1 -6.434e-1
1.6e0 1.3e0 -6.3623e-1 -6.3623e-1
1.7e0 1.3e0 -6.2729e-1 -6.2729e-1
1.8e0 1.3e0 -6.1705e-1 -6.1705e-1
1.9e0 1.3e0 -6.0583e-1 -6.0583e-1
2.0e0 1.3e0 -5.9402e-1 -5.9402e-1

-2.0e0 1.4e0 6.5771e-1 6.5771e-1
-1.9e0 1.4e0 6.6858e-1 6.6858e-1
-1.8e0 1.4e0 6.7845e-1 6.7845e-1
-1.7e0 1.4e0 6.8701e-1 6.8701e-1
-1.6e0 1.4e0 6.938e-1 6.938e-1
-1.5e0 1.4e0 6.9833e-1 6.9833e-1
-1.4e0 1.4e0 7.0e-1 7.0e-1
-1.3e0 1.4e0 6.9809e-1 6.9809e-1
-1.2e0 1.4e0 6.9176e-1 6.9176e-1
-1.1e0 1.4e0 6.8013e-1 6.8013e-1
-1.0e0 1.4e0 6.6216e-1 6.6216e-1
-9.0e-1 1.4e0 6.3683e-1 6.3683e-1
-8.0e-1 1.4e0 6.0307e-1 6.0307e-1
-7.0e-1 1.4e0 5.6e-1 5.6e-1
-6.0e-1 1.4e0 5.069e-1 5.069e-1
-5.0e-1 1.4e0 4.43439e-1 4.43439e-1
-4.0e-1 1.4e0 3.6981e-1 3.6981e-1
-3.0e-1 1.4e0 2.86829e-1 2.86829e-1
-2.0e-1 1.4e0 1.95999e-1 1.95999e-1
-1.0e-1 1.4e0 9.9492e-2 9.9492e-2
0.0e0 1.4e0 0.0e0 0.0e0
1.0e-1 1.4e0 -9.9492e-2 -9.9492e-2
2.0e-1 1.4e0 -1.95999e-1 -1.95999e-1
3.0e-1 1.4e0 -2.86829e-1 -2.86829e-1
4.0e-1 1.4e0 -3.6981e-1 -3.6981e-1
5.0e-1 1.4e0 -4.43439e-1 -4.43439e-1
6.0e-1 1.4e0 -5.069e-1 -5.069e-1
7.0e-1 1.4e0 -5.6e-1 -5.6e-1
8.0e-1 1.4e0 -6.0307e-1 -6.0307e-1
9.0e-1 1.4e0 -6.3683e-1 -6.3683e-1
1.0e0 1.4e0 -6.6216e-1 -6.6216e-1
1.1e0 1.4e0 -6.8013e-1 -6.8013e-1
1.2e0 1.4e0 -6.9176e-1 -6.9176e-1
1.3e0 1.4e0 -6.9809e-1 -6.9809e-1
1.4e0 1.4e0 -7.0e-1 -7.0e-1
1.5e0 1.4e0 -6.9833e-1 -6.9833e-1
1.6e0 1.4e0 -6.938e-1 -6.938e-1
1.7e0 1.4e0 -6.8701e-1 -6.8701e-1
1.8e0 1.4e0 -6.7845e-1 -6.7845e-1
1.9e0 1.4e0 -6.6858e-1 -6.6858e-1
2.0e0 1.4e0 -6.5771e-1 -6.5771e-1

-2.0e0 1.5e0 7.2e-1 7.2e-1
-1.9e0 1.5e0 7.2952e-1 7.2952e-1
-1.8e0 1.5e0 7.377e-1 7.377e-1
-1.7e0 1.5e0 7.4416e-1 7.4416e-1
-1.6e0 1.5e0 7.4844e-1 7.4844e-1
-1.5e0 1.5e0 7.5e-1 7.5e-1
-1.4e0 1.5e0 7.4821e-1 7.4821e-1
-1.3e0 1.5e0 7.4239e-1 7.4239e-1
-1.2e0 1.5e0 7.317e-1 7.317e-1
-1.1e0 1.5e0 7.1532e-1 7.1532e-1
-1.0e0 1.5e0 6.923e-1 6.923e-1
-9.0e-1 1.5e0 6.6176e-1 6.6176e-1
-8.0e-1 1.5e0 6.2283e-1 6.2283e-1
-7.0e-1 1.5e0 5.7481e-1 5.7481e-1
-6.0e-1 1.5e0 5.1724e-1 5.1724e-1
-5.0e-1 1.5e0 4.5e-1 4.5e-1
-4.0e-1 1.5e0 3.73444e-1 3.73444e-1
-3.0e-1 1.5e0 2.88461e-1 2.88461e-1
-2.0e-1 1.5e0 1.96506e-1 1.96506e-1
-1.0e-1 1.5e0 9.9557e-2 9.9557e-2
0.0e0 1.5e0 0.0e0 0.0e0
1.0e-1 1.5e0 -9.9557e-2 -9.9557e-2
2.0e-1 1.5e0 -1.96506e-1 -1.96506e-1
3.0e-1 1.5e0 -2.88461e-1 -2.88461e-1
4.0e-1 1.5e0 -3.73444e-1 -3.73444e-1
5.0e-1 1.5e0 -4.5e-1 -4.5e-1
6.0e-1 1.5e0 -5.1724e-1 -5.1724e-1
7.0e-1 1.5e0 -5.7481e-1 -5.7481e-1
8.0e-1 1.5e0 -6.2283e-1 -6.2283e-1
9.0e-1 1.5e0 -6.6176e-1 -6.6176e-1
1.0e0 1.5e0 -6.923e-1 -6.923e-1
1.1e0 1.5e0 -7.1532e-1 -7.1532e-1
1.2e0 1.5e0 -7.317e-1 -7.317e-1
1.3e0 1.5e0 -7.4239e-1 -7.4239e-1
1.4e0 1.5e0 -7.4821e-1 -7.4821e-1
1.5e0 1.5e0 -7.5e-1 -7.5e-1
1.6e0 1.5e0 -7.4844e-1 -7.4844e-1
1.7e0 1.5e0 -7.4416e-1 -7.4416e-1
1.8e0 1.5e0 -7.377e-1 -7.377e-1
1.9e0 1.5e0 -7.2952e-1 -7.2952e-1
2.0e0 1.5e0 -7.2e-1 -7.2e-1

-2.0e0 1.6e0 7.8049e-1 7.8049e-1
-1.9e0 1.6e0 7.8833e-1 7.8833e-1
-1.8e0 1.6e0 7.9448e-1 7.9448e-1
-1.7e0 1.6e0 7.9854e-1 7.9854e-1
-1.6e0 1.6e0 8.0e-1 8.0e-1
-1.5e0 1.6e0 7.9834e-1 7.9834e-1
-1.4e0 1.6e0 7.9292e-1 7.9292e-1
-1.3e0 1.6e0 7.8305e-1 7.8305e-1
-1.2e0 1.6e0 7.6799e-1 7.6799e-1
-1.1e0 1.6e0 7.4695e-1 7.4695e-1
-1.0e0 1.6e0 7.191e-1 7.191e-1
-9.0e-1 1.6e0 6.8369e-1 6.8369e-1
-8.0e-1 1.6e0 6.4e-1 6.4e-1
-7.0e-1 1.6e0 5.8754e-1 5.8754e-1
-6.0e-1 1.6e0 5.2603e-1 5.2603e-1
-5.0e-1 1.6e0 4.5552e-1 4.5552e-1
-4.0e-1 1.6e0 3.7646e-1 3.7646e-1
-3.0e-1 1.6e0 2.89812e-1 2.89812e-1
-2.0e-1 1.6e0 1.96922e-1 1.96922e-1
-1.0e-1 1.6e0 9.9611e-2 9.9611e-2
0.0e0 1.6e0 0.0e0 0.0e0
1.0e-1 1.6e0 -9.9611e-2 -9.9611e-2
2.0e-1 1.6e0 -1.96922e-1 -1.96922e-1
3.0e-1 1.6e0 -2.89812e-1 -2.89812e-1
4.0e-1 1.6e0 -3.7646e-1 -3.7646e-1
5.0e-1 1.6e0 -4.5552e-1 -4.5552e-1
6.0e-1 1.6e0 -5.2603e-1 -5.2603e-1
7.0e-1 1.6e0 -5.8754e-1 -5.8754e-1
8.0e-1 1.6e0 -6.4e-1 -6.4e-1
9.0e-1 1.6e0 -6.8369e-1 -6.8369e-1
1.0e0 1.6e0 -7.191e-1 -7.191e-1
1.1e0 1.6e0 -7.4695e-1 -7.4695e-1
1.2e0 1.6e0 -7.6799e-1 -7.6799e-1
1.3e0 1.6e0 -7.8305e-1 -7.8305e-1
1.4e0 1.6e0 -7.9292e-1 -7.9292e-1
1.5e0 1.6e0 -7.9834e-1 -7.9834e-1
1.6e0 1.6e0 -8.0e-1 -8.0e-1
1.7e0 1.6e0 -7.9854e-1 -7.9854e-1
1.8e0 1.6e0 -7.9448e-1 -7.9448e-1
1.9e0 1.6e0 -7.8833e-1 -7.8833e-1
2.0e0 1.6e0 -7.8049e-1 -7.8049e-1

-2.0e0 1.7e0 8.389e-1 8.389e-1
-1.9e0 1.7e0 8.4476e-1 8.4476e-1
-1.8e0 1.7e0 8.4862e-1 8.4862e-1
-1.7e0 1.7e0 8.4999e-1 8.4999e-1
-1.6e0 1.7e0 8.4843e-1 8.4843e-1
-1.5e0 1.7e0 8.4338e-1 8.4338e-1
-1.4e0 1.7e0 8.3423e-1 8.3423e-1
-1.3e0 1.7e0 8.2031e-1 8.2031e-1
-1.2e0 1.7e0 8.0092e-1 8.0092e-1
-1.1e0 1.7e0 7.7536e-1 7.7536e-1
-1.0e0 1.7e0 7.4294e-1 7.4294e-1
-9.0e-1 1.7e0 7.0297e-1 7.0297e-1
-8.0e-1 1.7e0 6.5495e-1 6.5495e-1
-7.0e-1 1.7e0 5.9853e-1 5.9853e-1
-6.0e-1 1.7e0 5.3354e-1 5.3354e-1
-5.0e-1 1.7e0 4.6019e-1 4.6019e-1
-4.0e-1 1.7e0 3.7901e-1 3.7901e-1
-3.0e-1 1.7e0 2.9094e-1 2.9094e-1
-2.0e-1 1.7e0 1.9727e-1 1.9727e-1
-1.0e-1 1.7e0 9.9655e-2 9.9655e-2
0.0e0 1.7e0 0.0e0 0.0e0
1.0e-1 1.7e0 -9.9655e-2 -9.9655e-2
2.0e-1 1.7e0 -1.9727e-1 -1.9727e-1
3.0e-1 1.7e0 -2.9094e-1 -2.9094e-1
4.0e-1 1.7e0 -3.7901e-1 -3.7901e-1
5.0e-1 1.7e0 -4.6019e-1 -4.6019e-1
6.0e-1 1.7e0 -5.3354e-1 -5.3354e-1
7.0e-1 1.7e0 -5.9853e-1 -5.9853e-1
8.0e-1 1.7e0 -6.5495e-1 -6.5495e-1
9.0e-1 1.7e0 -7.0297e-1 -7.0297e-1
1.0e0 1.7e0 -7.4294e-1 -7.4294e-1
1.1e0 1.7e0 -7.7536e-1 -7.7536e-1
1.2e0 1.7e0 -8.0092e-1 -8.0092e-1
1.3e0 1.7e0 -8.2031e-1 -8.2031e-1
1.4e0 1.7e0 -8.3423e-1 -8.3423e-1
1.5e0 1.7e0 -8.4338e-1 -8.4338e-1
1.6e0 1.7e0 -8.4843e-1 -8.4843e-1
1.7e0 1.7e0 -8.4999e-1 -8.4999e-1
1.8e0 1.7e0 -8.4862e-1 -8.4862e-1
1.9e0 1.7e0 -8.4476e-1 -8.4476e-1
2.0e0 1.7e0 -8.389e-1 -8.389e-1

-2.0e0 1.8e0 8.9502e-1 8.9502e-1
-1.9e0 1.8e0 8.9868e-1 8.9868e-1
-1.8e0 1.8e0 9.0e-1 9.0e-1
-1.7e0 1.8e0 8.9853e-1 8.9853e-1
-1.6e0 1.8e0 8.9378e-1 8.9378e-1
-1.5e0 1.8e0 8.8524e-1 8.8524e-1
-1.4e0 1.8e0 8.723e-1 8.723e-1
-1.3e0 1.8e0 8.5437e-1 8.5437e-1
-1.2e0 1.8e0 8.3076e-1 8.3076e-1
-1.1e0 1.8e0 8.009e-1 8.009e-1
-1.0e0 1.8e0 7.6414e-1 7.6414e-1
-9.0e-1 1.8e0 7.2e-1 7.2e-1
-8.0e-1 1.8e0 6.6805e-1 6.6805e-1
-7.0e-1 1.8e0 6.0805e-1 6.0805e-1
-6.0e-1 1.8e0 5.4e-1 5.4e-1
-5.0e-1 1.8e0 4.6419e-1 4.6419e-1
-4.0e-1 1.8e0 3.8116e-1 3.8116e-1
-3.0e-1 1.8e0 2.91891e-1 2.91891e-1
-2.0e-1 1.8e0 1.97562e-1 1.97562e-1
-1.0e-1 1.8e0 9.9692e-2 9.9692e-2
0.0e0 1.8e0 0.0e0 0.0e0
1.0e-1 1.8e0 -9.9692e-2 -9.9692e-2
2.0e-1 1.8e0 -1.97562e-1 -1.97562e-1
3.0e-1 1.8e0 -2.91891e-1 -2.91891e-1
4.0e-1 1.8e0 -3.8116e-1 -3.8116e-1
5.0e-1 1.8e0 -4.6419e-1 -4.6419e-1
6.0e-1 1.8e0 -5.4e-1 -5.4e-1
7.0e-1 1.8e0 -6.0805e-1 -6.0805e-1
8.0e-1 1.8e0 -6.6805e-1 -6.6805e-1
9.0e-1 1.8e0 -7.2e-1 -7.2e-1
1.0e0 1.8e0 -7.6414e-1 -7.6414e-1
1.1e0 1.8e0 -8.009e-1 -8.009e-1
1.2e0 1.8e0 -8.3076e-1 -8.3076e-1
1.3e0 1.8e0 -8.5437e-1 -8.5437e-1
1.4e0 1.8e0 -8.723e-1 -8.723e-1
1.5e0 1.8e0 -8.8524e-1 -8.8524e-1
1.6e0 1.8e0 -8.9378e-1 -8.9378e-1
1.7e0 1.8e0 -8.9853e-1 -8.9853e-1
1.8e0 1.8e0 -9.0e-1 -9.0e-1
1.9e0 1.8e0 -8.9868e-1 -8.9868e-1
2.0e0 1.8e0 -8.9502e-1 -8.9502e-1

-2.0e0 1.9e0 9.4875e-1 9.4875e-1
-1.9e0 1.9e0 9.5e-1 9.5e-1
-1.8e0 1.9e0 9.4861e-1 9.4861e-1
-1.7e0 1.9e0 9.4415e-1 9.4415e-1
-1.6e0 1.9e0 9.3614e-1 9.3614e-1
-1.5e0 1.9e0 9.2406e-1 9.2406e-1
-1.4e0 1.9e0 9.0736e-1 9.0736e-1
-1.3e0 1.9e0 8.8547e-1 8.8547e-1
-1.2e0 1.9e0 8.5782e-1 8.5782e-1
-1.1e0 1.9e0 8.2385e-1 8.2385e-1
-1.0e0 1.9e0 7.8308e-1 7.8308e-1
-9.0e-1 1.9e0 7.3506e-1 7.3506e-1
-8.0e-1 1.9e0 6.7953e-1 6.7953e-1
-7.0e-1 1.9e0 6.1633e-1 6.1633e-1
-6.0e-1 1.9e0 5.456e-1 5.456e-1
-5.0e-1 1.9e0 4.6762e-1 4.6762e-1
-4.0e-1 1.9e0 3.8303e-1 3.8303e-1
-3.0e-1 1.9e0 2.927e-1 2.927e-1
-2.0e-1 1.9e0 1.97809e-1 1.97809e-1
-1.0e-1 1.9e0 9.9724e-2 9.9724e-2
0.0e0 1.9e0 0.0e0 0.0e0
1.0e-1 1.9e0 -9.9724e-2 -9.9724e-2
2.0e-1 1.9e0 -1.97809e-1 -1.97809e-1
3.0e-1 1.9e0 -2.927e-1 -2.927e-1
4.0e-1 1.9e0 -3.8303e-1 -3.8303e-1
5.0e-1 1.9e0 -4.6762e-1 -4.6762e-1
6.0e-1 1.9e0 -5.456e-1 -5.456e-1
7.0e-1 1.9e0 -6.1633e-1 -6.1633e-1
8.0e-1 1.9e0 -6.7953e-1 -6.7953e-1
9.0e-1 1.9e0 -7.3506e-1 -7.3506e-1
1.0e0 1.9e0 -7.8308e-1 -7.8308e-1
1.1e0 1.9e0 -8.2385e-1 -8.2385e-1
1.2e0 1.9e0 -8.5782e-1 -8.5782e-1
1.3e0 1.9e0 -8.8547e-1 -8.8547e-1
1.4e0 1.9e0 -9.0736e-1 -9.0736e-1
1.5e0 1.9e0 -9.2406e-1 -9.2406e-1
1.6e0 1.9e0 -9.3614e-1 -9.3614e-1
1.7e0 1.9e0 -9.4415e-1 -9.4415e-1
1.8e0 1.9e0 -9.4861e-1 -9.4861e-1
1.9e0 1.9e0 -9.5e-1 -9.5e-1
2.0e0 1.9e0 -9.4875e-1 -9.4875e-1

-2.0e0 2.0e0 1.0e0 1.0e0
-1.9e0 2.0e0 9.9869e-1 9.9869e-1
-1.8e0 2.0e0 9.9448e-1 9.9448e-1
-1.7e0 2.0e0 9.8694e-1 9.8694e-1
-1.6e0 2.0e0 9.7562e-1 9.7562e-1
-1.5e0 2.0e0 9.6e-1 9.6e-1
-1.4e0 2.0e0 9.3959e-1 9.3959e-1
-1.3e0 2.0e0 9.1388e-1 9.1388e-1
-1.2e0 2.0e0 8.8235e-1 8.8235e-1
-1.1e0 2.0e0 8.4453e-1 8.4453e-1
-1.0e0 2.0e0 7.9999e-1 7.9999e-1
-9.0e-1 2.0e0 7.4844e-1 7.4844e-1
-8.0e-1 2.0e0 6.8965e-1 6.8965e-1
-7.0e-1 2.0e0 6.2361e-1 6.2361e-1
-6.0e-1 2.0e0 5.5046e-1 5.5046e-1
-5.0e-1 2.0e0 4.7058e-1 4.7058e-1
-4.0e-1 2.0e0 3.8461e-1 3.8461e-1
-3.0e-1 2.0e0 2.934e-1 2.934e-1
-2.0e-1 2.0e0 1.98021e-1 1.98021e-1
-1.0e-1 2.0e0 9.9751e-2 9.9751e-2
0.0e0 2.0e0 0.0e0 0.0e0
1.0e-1 2.0e0 -9.9751e-2 -9.9751e-2
2.0e-1 2.0e0 -1.98021e-1 -1.98021e-1
3.0e-1 2.0e0 -2.934e-1 -2.934e-1
4.0e-1 2.0e0 -3.8461e-1 -3.8461e-1
5.0e-1 2.0e0 -4.7058e-1 -4.7058e-1
6.0e-1 2.0e0 -5.5046e-1 -5.5046e-1
7.0e-1 2.0e0 -6.2361e-1 -6.2361e-1
8.0e-1 2.0e0 -6.8965e-1 -6.8965e-1
9.0e-1 2.0e0 -7.4844e-1 -7.4844e-1
1.0e0 2.0e0 -7.9999e-1 -7.9999e-1
1.1e0 2.0e0 -8.4453e-1 -8.4453e-1
1.2e0 2.0e0 -8.8235e-1 -8.8235e-1
1.3e0 2.0e0 -9.1388e-1 -9.1388e-1
1.4e0 2.0e0 -9.3959e-1 -9.3959e-1
1.5e0 2.0e0 -9.6e-1 -9.6e-1
1.6e0 2.0e0 -9.7562e-1 -9.7562e-1
1.7e0 2.0e0 -9.8694e-1 -9.8694e-1
1.8e0 2.0e0 -9.9448e-1 -9.9448e-1
1.9e0 2.0e0 -9.9869e-1 -9.9869e-1
2.0e0 2.0e0 -1.0e0 -1.0e0
